POS,SEQ,ATOM,SCORE,COLOR,CONFIDENCE_INTERVAL,B/E,F/S,MSA DATA,RESIDUE_VARIETY
1,D,ASP:0:A,2.849,1,"(1.799, 2.978, 2, 1)",e,,71/443,"S 14%, G 14%, A 14%, V 12%, T 8%, P 8%, H 5%, D 4%, Q 4%, K 2%, Y 2%, E 2%, N 2%, I 1%, L 1%"
2,L,LEU:1:A,2.966,1,"(1.799, 2.978, 2, 1)",e,,109/443,"A 22%, S 14%, L 8%, M 8%, Y 6%, H 5%, T 5%, G 4%, F 4%, P 4%, V 3%, N 3%, K 3%, I 1%, C <1%, E <1%"
3,K,LYS:2:A,2.843,1,"(1.799, 2.978, 2, 1)",e,,113/443,"A 18%, H 17%, S 10%, G 10%, N 6%, Y 6%, T 6%, M 5%, K 3%, Q 3%, L 3%, E 3%, V 1%, W <1%, R <1%, I <1%"
4,A,ALA:3:A,2.977,1,"(1.799, 2.978, 2, 1)",e,,152/443,"A 15%, S 13%, M 12%, P 9%, Q 6%, I 6%, H 6%, L 4%, F 4%, R 3%, K 3%, D 3%, N 3%, T 1%, V 1%, G 1%, Y <1%"
5,R,ARG:4:A,2.976,1,"(1.799, 2.978, 2, 1)",e,,217/443,"Q 23%, K 12%, G 8%, L 8%, A 8%, S 7%, E 6%, N 5%, M 5%, I 4%, P 3%, H 1%, D <1%, R <1%, V <1%, F <1%"
6,A,ALA:5:A,2.943,1,"(1.799, 2.978, 2, 1)",e,,296/443,"T 28%, S 18%, H 16%, E 6%, A 6%, K 6%, V 3%, N 3%, G 3%, P 2%, M 1%, Q 1%, F 1%, D 1%, L <1%"
7,E,GLU:6:A,2.965,1,"(1.799, 2.978, 2, 1)",e,,331/443,"P 20%, S 15%, A 11%, N 11%, Q 8%, I 6%, W 6%, D 3%, T 3%, L 3%, G 2%, V 2%, H 1%, M <1%, E <1%, K <1%, C <1%"
8,K,LYS:7:A,2.796,1,"(1.799, 2.978, 2, 1)",e,,342/443,"A 18%, E 18%, Q 17%, D 11%, T 9%, L 8%, S 4%, V 3%, K 1%, G 1%, N 1%, P <1%, M <1%, I <1%, H <1%, R <1%"
9,A,ALA:8:A,1.876,2,"(1.016, 2.978, 3, 1)",e,,349/443,"V 30%, T 17%, E 12%, L 11%, A 5%, H 4%, P 4%, F 3%, M 3%, N 1%, S 1%, I 1%, K 1%, G <1%, Y <1%"
10,L,LEU:9:A,1.946,2,"(1.016, 2.978, 3, 1)",e,,362/443,"Q 21%, L 18%, A 15%, N 14%, K 8%, E 7%, M 2%, S 2%, D 1%, R 1%, V 1%, I 1%, P <1%, H <1%"
11,E,GLU:10:A,1.953,2,"(1.016, 2.978, 3, 1)",e,,367/443,"Q 25%, E 16%, V 15%, K 14%, D 11%, T 7%, S 2%, A 1%, R <1%, M <1%, P <1%, I <1%, N <1%, H <1%, L <1%, G <1%"
12,A,ALA:11:A,0.792,4,"(0.275, 1.016, 5, 3)",e,,367/443,"K 34%, Q 14%, S 13%, D 10%, P 7%, R 6%, E 5%, A 3%, N 2%, V 1%, F <1%, M <1%, G <1%"
13,I,ILE:12:A,0.325,5,"(-0.076, 0.583, 5, 4)",b,,367/443,"L 36%, F 18%, V 15%, I 13%, W 12%, Y 1%, T <1%, M <1%, C <1%"
14,K,LYS:13:A,0.28,5,"(-0.076, 0.583, 5, 4)",e,,381/443,"A 39%, K 24%, N 14%, E 8%, S 5%, R 3%, H 1%, D 1%, V 1%, Q <1%, G <1%, F <1%"
15,A,ALA:14:A,1.865,2,"(1.016, 1.799, 3, 2)",e,,382/443,"A 25%, K 21%, D 19%, E 15%, S 5%, L 4%, Q 2%, N 1%, R 1%, T 1%, G <1%, C <1%"
16,A,ALA:15:A,0.241,5,"(-0.174, 0.583, 5, 4)",e,,382/443,"L 56%, A 13%, H 5%, E 5%, Y 5%, S 5%, I 3%, F 2%, C 1%, N <1%, R <1%"
17,E,GLU:16:A,-1.246,8,"(-1.43, -1.144, 9, 8)",e,f,372/443,"E 73%, F 18%, L 3%, A 1%, S <1%, V <1%, P <1%, Q <1%"
18,A,ALA:17:A,1.245,3,"(0.583, 1.799, 4, 2)",e,,372/443,"K 25%, D 17%, R 15%, S 12%, Q 7%, T 6%, E 4%, N 3%, V 2%, A 2%, L <1%, H <1%, P <1%, I <1%"
19,E,GLU:18:A,1.832,2,"(1.016, 2.978, 3, 1)",e,,298/443,"Q 34%, S 21%, D 12%, R 10%, K 6%, E 4%, A 3%, G 3%, T 2%, Y 1%, H <1%"
20,V,VAL:19:A,0.548,4,"(0.147, 0.778, 5, 4)",e,,382/443,"S 24%, F 18%, L 17%, E 12%, Y 9%, A 7%, K 4%, V 2%, T 1%, Q <1%, I <1%, N <1%, C <1%, R <1%, H <1%, D <1%"
21,G,GLY:20:A,1.517,3,"(0.778, 1.799, 4, 2)",e,,317/443,"G 40%, D 14%, E 8%, H 7%, A 7%, N 6%, K 5%, M 2%, S 1%, V <1%, Q <1%, Y <1%, I <1%, P <1%, F <1%, L <1%, T <1%, R <1%"
22,G,GLY:21:A,-0.176,5,"(-0.517, 0.03, 6, 5)",e,,382/443,"G 46%, A 38%, K 6%, Q 3%, N 1%, H 1%, D 1%, S <1%, V <1%, C <1%"
23,E,GLU:22:A,-0.022,5,"(-0.356, 0.147, 6, 5)",e,,383/443,"R 55%, S 12%, T 7%, V 7%, K 5%, H 3%, Q 2%, I 2%, A 2%, L <1%, E <1%, G <1%, N <1%"
24,I,ILE:23:A,-0.244,6,"(-0.517, -0.076, 6, 5)",b,,384/443,"L 38%, V 20%, I 17%, Q 8%, N 5%, S 2%, T 1%, D 1%, E 1%, A 1%, K <1%, F <1%, M <1%, P <1%"
25,G,GLY:24:A,-1.233,8,"(-1.514, -1.077, 9, 8)",b,,387/443,"G 96%, S 2%, E <1%, A <1%, I <1%, T <1%, N <1%"
26,L,LEU:25:A,-0.671,7,"(-0.944, -0.517, 8, 6)",b,,391/443,"V 65%, Y 12%, M 4%, I 3%, S 2%, C 2%, P 2%, T 2%, G 1%, F 1%, A 1%, L <1%"
27,V,VAL:26:A,0.948,4,"(0.419, 1.329, 4, 3)",b,,391/443,"A 30%, I 20%, Y 19%, F 12%, V 7%, L 5%, T 1%, S 1%, C <1%, K <1%, H <1%, G <1%, M <1%"
28,V,VAL:27:A,-0.365,6,"(-0.668, -0.174, 7, 5)",b,,393/443,"V 24%, A 23%, L 23%, E 16%, I 7%, M 2%, G <1%, T <1%, F <1%"
29,I,ILE:28:A,0.61,4,"(0.147, 0.778, 5, 4)",b,,394/443,"L 39%, I 30%, M 10%, P 5%, V 4%, F 2%, H 1%, Y 1%, W 1%, A <1%, T <1%, E <1%, G <1%, Q <1%"
30,D,ASP:29:A,-0.011,5,"(-0.356, 0.275, 6, 5)",e,,392/443,"D 54%, N 10%, A 6%, W 5%, C 5%, S 5%, K 2%, Y 2%, Q 2%, G 1%, H 1%, F <1%, M <1%, T <1%, R <1%"
31,A,ALA:30:A,-0.185,5,"(-0.517, 0.03, 6, 5)",e,,395/443,"T 50%, L 17%, N 7%, K 5%, D 3%, P 3%, E 2%, G 2%, A 1%, V 1%, Q 1%, S 1%, I 1%, M <1%"
32,E,GLU:31:A,1.613,3,"(1.016, 1.799, 3, 2)",e,,398/443,"A 31%, G 24%, N 12%, E 9%, S 5%, Q 5%, D 4%, K 3%, T 1%, L 1%, C <1%, P <1%, I <1%, V <1%, Y <1%, R <1%"
33,T,THR:32:A,0.264,5,"(-0.076, 0.419, 5, 4)",e,,402/443,"S 37%, D 21%, T 14%, N 6%, K 5%, G 4%, P 2%, Q 2%, M 1%, E <1%, H <1%, R <1%, A <1%"
34,G,GLY:33:A,0.493,4,"(0.03, 0.778, 5, 4)",e,,414/443,"G 36%, N 30%, S 9%, K 7%, T 7%, E 2%, P 1%, Q 1%, D <1%, M <1%, L <1%, A <1%, F <1%"
35,E,GLU:34:A,1.114,3,"(0.583, 1.329, 4, 3)",e,,328/443,"K 21%, A 16%, R 14%, T 14%, G 11%, S 11%, N 3%, I 3%, E 1%, Q <1%, L <1%, W <1%, D <1%"
36,V,VAL:35:A,1.028,3,"(0.583, 1.329, 4, 3)",e,,399/443,"Q 27%, T 18%, I 13%, R 11%, S 7%, E 6%, A 5%, V 3%, K 2%, N 1%, Y <1%, F <1%, L <1%, G <1%, M <1%, P <1%, D <1%"
37,L,LEU:36:A,2.041,2,"(1.016, 2.978, 3, 1)",e,,190/443,"L 38%, P 14%, G 11%, C 10%, T 8%, K 3%, Y 3%, S 2%, I 2%, F 2%, M 1%, W <1%, R <1%, E <1%, N <1%"
38,L,LEU:37:A,0.915,4,"(0.419, 1.329, 4, 3)",e,,394/443,"V 26%, I 25%, E 12%, F 9%, A 9%, Y 5%, T 4%, L 2%, N 1%, W 1%, K <1%, Q <1%, M <1%, S <1%, D <1%"
39,E,GLU:38:A,1.515,3,"(0.778, 1.799, 4, 2)",e,,395/443,"L 21%, S 20%, G 19%, T 12%, A 11%, E 5%, K 3%, I 2%, V 1%, D 1%, N <1%, Y <1%, Q <1%, R <1%"
40,Y,TYR:39:A,0.034,5,"(-0.268, 0.275, 6, 5)",e,,400/443,"Y 46%, F 16%, N 15%, Q 7%, H 6%, W 4%, L 1%, V <1%, S <1%, T <1%, R <1%, I <1%"
41,N,ASN:40:A,-1.147,8,"(-1.354, -1.011, 9, 8)",e,f,418/443,"R 79%, T 6%, N 5%, V 3%, L 1%, D <1%, A <1%, K <1%, H <1%, S <1%, P <1%"
42,A,ALA:41:A,0.671,4,"(0.275, 1.016, 5, 3)",e,,420/443,"A 44%, G 20%, P 16%, S 6%, M 3%, N 2%, C 1%, E 1%, D 1%, I 1%, Q <1%, L <1%, K <1%"
43,D,ASP:42:A,-0.066,5,"(-0.356, 0.147, 6, 5)",e,,420/443,"D 49%, E 22%, N 13%, S 6%, A 3%, K 2%, Q <1%, F <1%, G <1%, I <1%, H <1%"
44,K,LYS:43:A,-0.577,7,"(-0.808, -0.438, 7, 6)",e,,420/443,"E 60%, Q 16%, K 10%, T 4%, I 4%, R <1%, D <1%, H <1%, S <1%, Y <1%, M <1%, P <1%, L <1%"
45,R,ARG:44:A,-1.231,8,"(-1.43, -1.144, 9, 8)",e,f,420/443,"R 76%, E 9%, A 5%, P 4%, H 1%, Q <1%, K <1%, S <1%, M <1%, L <1%"
46,F,PHE:45:A,-0.966,8,"(-1.212, -0.808, 8, 7)",b,,423/443,"F 80%, Y 10%, V 4%, R 1%, M 1%, Q <1%, D <1%, A <1%, L <1%, I <1%"
47,N,ASN:46:A,-0.211,6,"(-0.517, 0.03, 6, 5)",e,,423/443,"P 44%, A 23%, L 10%, G 10%, V 4%, S 2%, T 1%, I <1%, F <1%, N <1%, K <1%, Y <1%, R <1%"
48,L,LEU:47:A,-0.822,7,"(-1.077, -0.668, 8, 7)",e,,379/443,"M 48%, P 22%, L 12%, F 11%, Y 4%, K <1%, A <1%, N <1%, I <1%"
49,G,GLY:48:A,-0.203,6,"(-0.517, 0.03, 6, 5)",b,,379/443,"C 46%, A 27%, M 16%, Q 2%, L 1%, T 1%, V 1%, G <1%, D <1%, I <1%, Y <1%, F <1%"
50,S,SER:49:A,-1.26,8,"(-1.43, -1.144, 9, 8)",b,,376/443,"S 92%, G 3%, A 2%, L <1%, C <1%, X <1%"
51,T,THR:50:A,-1.484,9,"(-1.756, -1.43, 9, 9)",e,f,378/443,"T 87%, S 9%, V 2%, F <1%, C <1%"
52,S,SER:51:A,-0.835,7,"(-1.077, -0.668, 8, 7)",b,,379/443,"F 67%, S 25%, I 3%, Y 2%, V <1%, L <1%, G <1%, H <1%, C <1%, A <1%"
53,K,LYS:52:A,-1.27,8,"(-1.43, -1.144, 9, 8)",e,f,378/443,"K 94%, A 1%, D 1%, L <1%, F <1%, C <1%, H <1%, V <1%, M <1%, X <1%"
54,I,ILE:53:A,-0.374,6,"(-0.668, -0.174, 7, 5)",b,,378/443,"V 41%, I 17%, A 16%, G 8%, M 5%, F 4%, T 2%, L 1%, S <1%, P <1%"
55,F,PHE:54:A,-0.045,5,"(-0.356, 0.147, 6, 5)",b,,379/443,"L 27%, M 24%, P 21%, F 10%, V 6%, I 4%, H 1%, A 1%, Y <1%"
56,V,VAL:55:A,-0.67,7,"(-0.944, -0.517, 8, 6)",b,,379/443,"L 44%, A 25%, N 21%, T 3%, S 2%, V <1%, I <1%, H <1%, P <1%"
57,V,VAL:56:A,-0.535,6,"(-0.808, -0.356, 7, 6)",b,,382/443,"A 52%, C 18%, S 12%, V 10%, T 2%, G 1%, L <1%, F <1%, M <1%"
58,A,ALA:57:A,-0.957,8,"(-1.212, -0.808, 8, 7)",b,,382/443,"A 49%, G 22%, L 18%, I 5%, P <1%, V <1%, M <1%, C <1%, S <1%, Q <1%"
59,A,ALA:58:A,-0.779,7,"(-1.011, -0.668, 8, 7)",b,,383/443,"A 61%, I 22%, V 4%, L 4%, M 1%, S 1%, K 1%, T 1%, P <1%, F <1%, G <1%, R <1%, Q <1%"
60,L,LEU:59:A,-0.293,6,"(-0.593, -0.076, 7, 5)",b,,383/443,"V 64%, G 15%, L 8%, A 7%, I 2%, S <1%, M <1%, E <1%, F <1%, N <1%, T <1%"
61,L,LEU:60:A,-1.04,8,"(-1.281, -0.877, 8, 7)",b,,383/443,"L 92%, F 3%, Y 1%, A <1%, S <1%, H <1%, P <1%, N <1%, Q <1%"
62,A,ALA:61:A,-0.248,6,"(-0.517, -0.076, 6, 5)",e,,379/443,"K 22%, E 19%, A 17%, S 15%, D 10%, H 6%, Q 5%, R <1%, T <1%, Y <1%, P <1%"
63,R,ARG:62:A,0.284,5,"(-0.076, 0.583, 5, 4)",e,,377/443,"Q 33%, R 32%, K 8%, L 6%, T 6%, N 4%, A 3%, H 1%, V 1%, D 1%, S <1%, M <1%, E <1%, G <1%, Y <1%"
64,A,ALA:63:A,-0.047,5,"(-0.356, 0.147, 6, 5)",e,,377/443,"S 32%, V 22%, G 15%, I 6%, N 6%, K 4%, H 4%, A 2%, Q 1%, L 1%, E <1%, D <1%, M <1%, R <1%, T <1%"
65,E,GLU:64:A,-0.442,6,"(-0.738, -0.268, 7, 6)",e,,378/443,"D 27%, E 23%, V 14%, Q 9%, P 8%, K 5%, S 5%, A 3%, I 1%, R <1%, F <1%, M <1%, L <1%"
66,T,THR:65:A,0.947,4,"(0.419, 1.329, 4, 3)",e,,383/443,"A 24%, T 15%, I 11%, S 11%, Q 11%, V 8%, L 7%, Y 2%, G 1%, K 1%, D 1%, R 1%, H <1%"
67,E,GLU:66:A,1.178,3,"(0.583, 1.329, 4, 3)",e,,335/443,"G 29%, Q 24%, K 14%, D 7%, E 6%, T 5%, N 3%, R 2%, H 1%, S 1%, L 1%, P <1%, M <1%, V <1%"
68,P,PRO:67:A,1.222,3,"(0.583, 1.799, 4, 2)",e,,386/443,"K 19%, V 15%, Q 13%, P 10%, A 9%, F 7%, I 6%, D 5%, L 4%, T 3%, E 2%, N <1%, H <1%, R <1%, Y <1%, G <1%, S <1%"
69,G,GLY:68:A,1.154,3,"(0.583, 1.329, 4, 3)",e,,436/443,"E 25%, F 15%, Q 11%, G 9%, R 6%, N 6%, T 5%, L 4%, Y 4%, H 2%, A 2%, I 1%, M 1%, P 1%, K 1%, S <1%, V <1%, D <1%"
70,L,LEU:69:A,0.674,4,"(0.275, 1.016, 5, 3)",e,,436/443,"L 28%, Q 24%, K 20%, R 5%, H 4%, D 4%, P 2%, N 2%, S 1%, G 1%, A 1%, E <1%, I <1%, V <1%, F <1%, Y <1%, T <1%"
71,L,LEU:70:A,-0.569,7,"(-0.808, -0.356, 7, 6)",e,,436/443,"L 67%, W 17%, I 5%, G 2%, Q 2%, Y 1%, P <1%, K <1%, M <1%, V <1%, R <1%, A <1%, E <1%"
72,D,ASP:71:A,-0.149,5,"(-0.438, 0.03, 6, 5)",e,,437/443,"D 37%, N 27%, G 12%, A 9%, E 4%, L 2%, Q 2%, K 1%, S <1%, P <1%, T <1%, I <1%, V <1%"
73,R,ARG:72:A,0.186,5,"(-0.174, 0.419, 5, 4)",e,,437/443,"R 24%, Q 24%, G 18%, K 10%, P 6%, T 5%, D 4%, E 2%, S 1%, Y <1%, W <1%, A <1%, F <1%, N <1%"
74,L,LEU:73:A,0.851,4,"(0.419, 1.016, 4, 3)",e,,437/443,"R 27%, K 19%, P 17%, N 6%, Q 5%, L 5%, G 5%, T 3%, V 2%, A 2%, E 1%, S <1%, D <1%, I <1%, M <1%, H <1%"
75,F,PHE:74:A,-0.088,5,"(-0.356, 0.147, 6, 5)",e,,437/443,"I 35%, V 35%, P 5%, K 5%, T 5%, L 3%, Y 2%, A 1%, E 1%, D <1%, Q <1%, M <1%, C <1%, N <1%, F <1%"
76,T,THR:75:A,1.034,3,"(0.583, 1.329, 4, 3)",e,,440/443,"R 24%, H 19%, E 18%, T 14%, W 10%, S 3%, Y 2%, P 2%, F 1%, K 1%, G <1%, V <1%, N <1%, A <1%, L <1%, Q <1%, I <1%"
77,A,ALA:76:A,0.256,5,"(-0.076, 0.583, 5, 4)",e,,439/443,"Y 39%, I 22%, Q 6%, V 6%, D 5%, S 5%, A 4%, L 2%, T 2%, P 1%, G 1%, E <1%, F <1%, M <1%, W <1%"
78,E,GLU:77:A,1.042,3,"(0.583, 1.329, 4, 3)",e,,439/443,"K 19%, S 12%, H 11%, G 10%, T 9%, I 5%, M 5%, N 5%, D 4%, F 4%, R 4%, A 2%, Y 2%, E <1%, V <1%, L <1%, C <1%, W <1%"
79,E,GLU:78:A,0.378,4,"(0.03, 0.583, 5, 4)",e,,443/443,"K 27%, P 16%, Q 15%, T 9%, A 9%, S 5%, E 4%, R 4%, I 3%, N 1%, D <1%, H <1%, Y <1%"
80,V,VAL:79:A,1.174,3,"(0.583, 1.329, 4, 3)",e,,443/443,"A 23%, S 18%, N 18%, D 14%, Q 8%, T 4%, E 4%, R 3%, M 1%, G 1%, K <1%, V <1%, I <1%, P <1%, H <1%"
81,T,THR:80:A,-0.368,6,"(-0.668, -0.174, 7, 5)",e,,443/443,"D 52%, W 22%, A 6%, Y 6%, T 4%, M 2%, F 1%, V <1%, E <1%, K <1%, R <1%, H <1%, N <1%, Q <1%, S <1%"
82,P,PRO:81:A,-0.366,6,"(-0.668, -0.174, 7, 5)",e,,443/443,"L 59%, I 10%, N 9%, E 9%, Q 3%, V 1%, M 1%, K 1%, D 1%, A 1%, P <1%, R <1%, S <1%, F <1%, T <1%"
83,L,LEU:82:A,0.254,5,"(-0.076, 0.419, 5, 4)",e,,442/443,"V 52%, R 14%, K 9%, D 6%, Q 3%, S 3%, L 2%, E 2%, A <1%, P <1%, N <1%, T <1%, H <1%, F <1%, I <1%, Y <1%, G <1%"
84,P,PRO:83:A,1.289,3,"(0.778, 1.799, 4, 2)",e,,442/443,"N 23%, D 22%, E 13%, P 12%, M 5%, S 5%, A 3%, F 2%, T 1%, R 1%, L 1%, V 1%, K 1%, Q <1%, Y <1%, W <1%, I <1%, C <1%"
85,G,GLY:84:A,1.021,3,"(0.583, 1.329, 4, 3)",e,,443/443,"Y 43%, W 9%, H 9%, M 6%, L 6%, P 5%, I 4%, D 2%, N 2%, G 2%, V 1%, F 1%, Q 1%, T <1%, S <1%, A <1%, E <1%"
86,S,SER:85:A,-0.554,6,"(-0.808, -0.438, 7, 6)",e,,440/443,"S 42%, N 25%, T 12%, G 9%, A 4%, D 3%, Q 1%, P <1%, E <1%, M <1%"
87,P,PRO:86:A,-1.162,8,"(-1.354, -1.011, 9, 8)",e,f,422/443,"P 71%, L 18%, F 6%, W 2%, Y <1%, M <1%, I <1%, G <1%"
88,V,VAL:87:A,-0.391,6,"(-0.668, -0.174, 7, 5)",e,,440/443,"I 37%, V 26%, G 12%, A 6%, R 5%, F 2%, S 2%, L 2%, T 1%, E 1%, Q <1%, K <1%, H <1%"
89,T,THR:88:A,-0.81,7,"(-1.077, -0.668, 8, 7)",e,,357/443,"T 42%, A 27%, S 11%, G 10%, L 3%, M 1%, R 1%, E <1%, K <1%, I <1%"
90,A,ALA:89:A,-0.306,6,"(-0.593, -0.076, 7, 5)",e,,357/443,"E 67%, D 8%, A 8%, Q 5%, H 2%, K 2%, N 1%, T <1%, R <1%, P <1%, L <1%, S <1%, G <1%"
91,K,LYS:90:A,-0.502,6,"(-0.808, -0.356, 7, 6)",e,,357/443,"K 70%, D 7%, Q 6%, R 5%, V 3%, I 2%, A 1%, E <1%, L <1%"
92,H,HIS:91:A,-0.373,6,"(-0.668, -0.174, 7, 5)",e,,356/443,"H 58%, Y 13%, Q 9%, L 6%, N 6%, F 3%, D <1%, G <1%, A <1%, R <1%"
93,R,ARG:92:A,-0.544,6,"(-0.808, -0.356, 7, 6)",b,,356/443,"V 44%, L 32%, T 14%, I 3%, A 1%, Q 1%, P 1%, K <1%, R <1%, M <1%"
94,G,GLY:93:A,0.544,4,"(0.147, 0.778, 5, 4)",e,,357/443,"N 22%, T 22%, A 20%, G 12%, D 11%, Q 6%, E 1%, V 1%, K <1%, S <1%, H <1%"
95,T,THR:94:A,0.908,4,"(0.419, 1.329, 4, 3)",e,,346/443,"G 30%, D 22%, T 21%, A 8%, Q 8%, K 5%, N 1%, S 1%, E <1%, L <1%, C <1%"
96,G,GLY:95:A,0.28,5,"(-0.174, 0.583, 5, 4)",e,,357/443,"G 50%, T 22%, I 7%, L 6%, D 4%, H 2%, S 1%, A 1%, E 1%, N <1%, Y <1%, V <1%"
97,L,LEU:96:A,-0.942,8,"(-1.144, -0.808, 8, 7)",b,,442/443,"M 72%, L 13%, I 8%, F 2%, V 1%, T 1%, E <1%, Y <1%"
98,T,THR:97:A,-0.259,6,"(-0.517, -0.076, 6, 5)",e,,443/443,"T 58%, K 9%, A 6%, N 5%, Q 5%, S 4%, R 2%, P 2%, D 2%, E 1%"
99,G,GLY:98:A,0.203,5,"(-0.174, 0.419, 5, 4)",b,,443/443,"V 35%, L 30%, W 7%, I 6%, E 5%, Y 5%, A 2%, Q 2%, D 1%, F <1%, N <1%, G <1%, K <1%, R <1%"
100,R,ARG:99:A,-0.385,6,"(-0.668, -0.268, 7, 6)",b,,441/443,"A 30%, S 22%, R 11%, G 11%, I 9%, K 5%, L 2%, M 2%, E 1%, D <1%, V <1%, T <1%, F <1%, N <1%, P <1%"
101,E,GLU:100:A,-0.537,6,"(-0.808, -0.356, 7, 6)",e,,441/443,"E 56%, A 16%, V 8%, K 5%, Q 4%, D 1%, C 1%, T 1%, L <1%, H <1%, I <1%, S <1%, N <1%, F <1%, G <1%, R <1%"
102,L,LEU:101:A,-0.344,6,"(-0.593, -0.174, 7, 5)",b,,443/443,"L 67%, V 16%, I 4%, A 4%, R 3%, Y 1%, D <1%, G <1%, M <1%, T <1%"
103,A,ALA:102:A,-0.447,6,"(-0.738, -0.268, 7, 6)",b,,443/443,"C 26%, S 24%, A 16%, P 14%, I 7%, W 4%, G 2%, L 2%, N <1%, E <1%, V <1%"
104,A,ALA:103:A,-0.474,6,"(-0.738, -0.268, 7, 6)",e,,443/443,"A 33%, V 23%, S 11%, D 7%, E 6%, Y 4%, Q 3%, L 3%, I 2%, F <1%, K <1%, R <1%"
105,A,ALA:104:A,-1.116,8,"(-1.354, -1.011, 9, 8)",b,,357/443,"A 77%, V 7%, S 6%, L 3%, N 2%, Y 1%, I <1%, T <1%, H <1%"
106,A,ALA:105:A,-1.021,8,"(-1.212, -0.877, 8, 7)",b,,356/443,"A 62%, T 23%, S 14%, V <1%"
107,I,ILE:106:A,-0.746,7,"(-1.011, -0.593, 8, 7)",b,,357/443,"L 31%, I 30%, H 19%, V 12%, M 4%, G <1%, Q <1%, A <1%"
108,Q,GLN:107:A,-0.958,8,"(-1.212, -0.808, 8, 7)",e,f,357/443,"Q 38%, T 25%, A 12%, R 11%, F 6%, S 3%, I 1%, L <1%, E <1%, Y <1%, V <1%, G <1%"
109,A,ALA:108:A,-0.482,6,"(-0.738, -0.268, 7, 6)",b,,357/443,"Y 49%, H 21%, M 19%, L 4%, R 1%, T 1%, A <1%, F <1%, E <1%, I <1%, Q <1%, K <1%, S <1%"
110,S,SER:109:A,-1.135,8,"(-1.354, -1.011, 9, 8)",b,,357/443,"S 79%, Q 7%, D 4%, A 2%, L 1%, F <1%, E <1%, G <1%, I <1%, T <1%, V <1%, Y <1%"
111,D,ASP:110:A,-1.683,9,"(-1.933, -1.613, 9, 9)",e,f,357/443,"D 99%, A <1%, C <1%, N <1%"
112,N,ASN:111:A,-1.356,9,"(-1.514, -1.281, 9, 8)",e,f,357/443,"N 74%, K 7%, G 5%, H 5%, R 5%, S 1%, Q <1%, A <1%"
113,A,ALA:112:A,-0.837,7,"(-1.077, -0.668, 8, 7)",e,,357/443,"T 53%, A 16%, V 10%, M 7%, G 5%, S 4%, N 1%, P <1%, L <1%, C <1%"
114,A,ALA:113:A,-1.486,9,"(-1.756, -1.43, 9, 9)",b,s,357/443,"A 79%, G 20%, T <1%"
115,A,ALA:114:A,-0.996,8,"(-1.212, -0.877, 8, 7)",b,,357/443,"A 42%, M 22%, G 18%, T 3%, Q 3%, N 3%, P 2%, C 2%, S <1%"
116,N,ASN:115:A,-1.329,9,"(-1.514, -1.212, 9, 8)",b,s,443/443,"N 62%, Y 13%, M 6%, V 5%, F 4%, I 2%, S 2%, D 2%, L <1%"
117,L,LEU:116:A,-0.942,8,"(-1.144, -0.808, 8, 7)",e,f,443/443,"L 40%, K 22%, Q 16%, D 9%, A 4%, I 2%, E 2%, M <1%, R <1%, S <1%"
118,L,LEU:117:A,-0.268,6,"(-0.517, -0.076, 6, 5)",b,,443/443,"L 57%, E 12%, A 7%, I 7%, V 4%, Q 4%, K 1%, R 1%, D <1%, W <1%, M <1%, Y <1%, S <1%"
119,L,LEU:118:A,-0.308,6,"(-0.593, -0.076, 7, 5)",b,,443/443,"L 60%, I 27%, F 8%, M 1%, V 1%, Y <1%, G <1%"
120,R,ARG:119:A,-0.247,6,"(-0.517, -0.076, 6, 5)",e,,397/443,"A 47%, T 14%, K 13%, R 9%, H 7%, N 2%, I 1%, Q 1%, E 1%, S <1%, D <1%, G <1%, L <1%, P <1%"
121,L,LEU:120:A,0.846,4,"(0.419, 1.016, 4, 3)",e,,443/443,"R 19%, Q 15%, T 15%, E 12%, A 12%, H 7%, D 5%, L 3%, K 2%, S 1%, Y 1%, F <1%, N <1%, G <1%, V <1%"
122,L,LEU:121:A,0.156,5,"(-0.174, 0.419, 5, 4)",e,,443/443,"L 30%, I 23%, A 10%, V 10%, R 8%, Q 5%, E 5%, K 2%, W 1%, D <1%, M <1%, H <1%, F <1%"
123,G,GLY:122:A,-1.019,8,"(-1.212, -0.877, 8, 7)",e,f,443/443,"G 74%, I 10%, V 5%, T 5%, S 2%, L 1%, N <1%, K <1%, D <1%"
124,G,GLY:123:A,-1.117,8,"(-1.354, -0.944, 9, 8)",e,f,442/443,"G 85%, I 7%, V 3%, D 1%, K <1%, T <1%, A <1%, N <1%, H <1%"
125,P,PRO:124:A,-0.777,7,"(-1.011, -0.593, 8, 7)",e,,443/443,"P 61%, A 16%, E 10%, L 5%, I 2%, T <1%, K <1%, D <1%, Q <1%, M <1%, S <1%, H <1%"
126,A,ALA:125:A,0.202,5,"(-0.174, 0.419, 5, 4)",e,,443/443,"A 25%, K 19%, G 16%, T 11%, E 9%, D 5%, V 4%, Q 2%, P 1%, N 1%, R <1%, H <1%, S <1%, I <1%, L <1%"
127,A,ALA:126:A,0.374,4,"(0.03, 0.583, 5, 4)",e,,443/443,"G 29%, R 11%, E 11%, Y 11%, A 8%, K 8%, S 7%, L 5%, V 4%, N <1%, W <1%, I <1%, T <1%, M <1%, Q <1%"
128,V,VAL:127:A,-0.409,6,"(-0.668, -0.268, 7, 6)",b,,443/443,"V 28%, L 28%, M 20%, A 11%, F 6%, T 1%, I 1%, Y 1%, S <1%, G <1%"
129,T,THR:128:A,-1.042,8,"(-1.212, -0.944, 8, 8)",e,f,443/443,"T 54%, S 11%, Q 10%, K 7%, N 6%, A 4%, E 1%, H 1%, V <1%, R <1%"
130,A,ALA:129:A,0.646,4,"(0.275, 1.016, 5, 3)",e,,443/443,"A 50%, K 18%, Q 6%, G 5%, N 4%, P 4%, S 2%, D 2%, R 1%, E 1%, T <1%, H <1%, M <1%, L <1%"
131,W,TRP:130:A,-0.27,6,"(-0.593, -0.076, 7, 5)",b,,443/443,"F 46%, Y 16%, L 8%, E 7%, M 4%, A 3%, S 2%, R 2%, W 1%, I 1%, H <1%, D <1%, P <1%, K <1%, G <1%, V <1%"
132,I,ILE:131:A,-0.788,7,"(-1.011, -0.668, 8, 7)",b,,443/443,"L 43%, A 22%, M 7%, S 6%, V 6%, T 5%, F 2%, I 2%, E 2%, K <1%, R <1%, P <1%"
133,R,ARG:132:A,-0.59,7,"(-0.808, -0.438, 7, 6)",e,,443/443,"R 51%, H 16%, K 14%, N 8%, D 3%, S 2%, Q 1%, A <1%, T <1%, V <1%, E <1%, L <1%"
134,S,SER:133:A,-0.285,6,"(-0.517, -0.076, 6, 5)",e,,443/443,"S 23%, A 20%, Q 16%, K 11%, N 10%, R 8%, E 3%, D 2%, T 1%, V <1%, G <1%, H <1%, I <1%"
135,L,LEU:134:A,-0.383,6,"(-0.668, -0.174, 7, 5)",b,,443/443,"I 37%, L 31%, M 11%, F 10%, V 6%, E <1%, S <1%, D <1%, A <1%, P <1%"
136,G,GLY:135:A,-0.5,6,"(-0.808, -0.356, 7, 6)",e,,443/443,"G 67%, A 9%, D 6%, S 5%, L 3%, N 2%, K 2%, Q <1%, V <1%, R <1%, T <1%, H <1%"
137,D,ASP:136:A,-1.129,8,"(-1.354, -1.011, 9, 8)",e,f,443/443,"D 62%, Y 15%, P 6%, F 3%, E 3%, L 3%, M 1%, V 1%, I <1%, K <1%, R <1%, A <1%"
138,D,ASP:137:A,0.689,4,"(0.275, 1.016, 5, 3)",e,,443/443,"E 22%, G 19%, T 12%, H 10%, A 7%, K 6%, N 6%, Q 6%, S 2%, V 1%, R 1%, D 1%, L <1%, P <1%"
139,V,VAL:138:A,-0.61,7,"(-0.808, -0.438, 7, 6)",e,,443/443,"V 32%, T 26%, N 20%, E 11%, R 3%, D 1%, A 1%, K 1%, S 1%, M <1%, G <1%, I <1%, W <1%"
140,T,THR:139:A,-0.721,7,"(-0.944, -0.593, 8, 7)",e,,443/443,"T 28%, F 27%, G 15%, S 8%, E 5%, Q 5%, A 3%, C 1%, M 1%, I <1%, N <1%, K <1%, L <1%, Y <1%, R <1%"
141,E,GLU:140:A,-0.153,5,"(-0.438, 0.03, 6, 5)",e,,427/443,"R 57%, N 16%, D 10%, M 5%, E 2%, K 1%, L 1%, Q <1%, A <1%, S <1%, T <1%, V <1%, I <1%, Y <1%"
142,I,ILE:141:A,-0.583,7,"(-0.808, -0.438, 7, 6)",e,,427/443,"L 56%, I 19%, V 8%, P 7%, E 3%, S 1%, A <1%, K <1%, F <1%, M <1%, Y <1%"
143,T,THR:142:A,-0.782,7,"(-1.011, -0.668, 8, 7)",e,,443/443,"D 56%, S 14%, G 9%, A 6%, V 5%, E 2%, I 2%, K 1%, T <1%, P <1%, Q <1%"
144,R,ARG:143:A,-0.773,7,"(-1.011, -0.593, 8, 7)",e,,441/443,"R 57%, A 13%, G 11%, P 4%, T 4%, S 3%, N 1%, K 1%, Q 1%, E <1%, H <1%, D <1%"
145,Y,TYR:144:A,1.334,3,"(0.778, 1.799, 4, 2)",e,,443/443,"W 24%, T 21%, Q 10%, N 7%, G 6%, E 6%, Y 4%, K 4%, F 3%, I 2%, D 2%, R 1%, H 1%, S 1%, L 1%, A 1%"
146,E,GLU:145:A,-0.328,6,"(-0.593, -0.174, 7, 5)",e,,440/443,"E 55%, H 10%, V 9%, I 6%, A 5%, D 4%, L 3%, N 1%, Q 1%, Y <1%, K <1%, C <1%, S <1%, M <1%"
147,P,PRO:146:A,-0.086,5,"(-0.356, 0.147, 6, 5)",e,,440/443,"P 44%, D 16%, S 11%, L 9%, T 8%, I 2%, N 1%, A 1%, F 1%, G 1%, E <1%, V <1%, K <1%, Y <1%"
148,E,GLU:147:A,-0.272,6,"(-0.517, -0.076, 6, 5)",e,,439/443,"E 42%, T 17%, L 10%, S 5%, K 4%, N 4%, H 3%, Q 3%, D 2%, A 1%, G 1%, R <1%, I <1%, M <1%, V <1%"
149,R,ARG:148:A,-0.655,7,"(-0.944, -0.517, 8, 6)",b,,394/443,"L 67%, F 22%, M 5%, S 1%, A 1%, Y 1%, E <1%, R <1%, G <1%, V <1%, I <1%"
150,N,ASN:149:A,-0.824,7,"(-1.077, -0.668, 8, 7)",e,,396/443,"N 66%, W 21%, G 5%, H 2%, A 1%, S 1%, F <1%, Q <1%, M <1%, D <1%, R <1%, E <1%"
151,A,ALA:150:A,0.064,5,"(-0.268, 0.275, 6, 5)",e,,394/443,"T 24%, E 23%, L 20%, S 9%, D 5%, R 5%, Y 3%, A 2%, I 1%, N <1%, K <1%, G <1%, P <1%, V <1%"
152,A,ALA:151:A,-0.447,6,"(-0.738, -0.268, 7, 6)",e,,374/443,"A 56%, D 12%, V 8%, E 8%, Y 3%, N 3%, G 2%, S 1%, K 1%, Q 1%, F <1%, T <1%, W <1%"
153,V,VAL:152:A,0.486,4,"(0.03, 0.778, 5, 4)",b,,372/443,"I 46%, G 17%, S 7%, L 6%, P 5%, N 4%, T 3%, A 2%, K 1%, D 1%, W 1%, V <1%, R <1%, E <1%, Q <1%"
154,P,PRO:153:A,-1.016,8,"(-1.281, -0.877, 8, 7)",e,f,372/443,"P 78%, G 5%, Q 5%, S 5%, L 1%, K <1%, N <1%, A <1%, H <1%, D <1%"
155,G,GLY:154:A,-0.087,5,"(-0.517, 0.275, 6, 5)",e,,285/443,"G 74%, N 16%, K 4%, V 2%, H <1%, D <1%, R <1%"
156,D,ASP:155:A,-0.969,8,"(-1.212, -0.808, 8, 7)",e,f,286/443,"D 86%, E 5%, S 4%, Q 2%, G <1%, R <1%, T <1%"
157,P,PRO:156:A,2.279,2,"(1.329, 2.978, 3, 1)",e,,286/443,"P 32%, E 29%, A 14%, L 6%, K 5%, T 4%, Y 2%, D 2%, I 1%, V <1%, M <1%, N <1%"
158,A,ALA:157:A,-0.581,7,"(-0.877, -0.356, 7, 6)",e,,283/443,"R 85%, Q 5%, K 4%, T 1%, L 1%, A <1%, E <1%, H <1%, G <1%, I <1%"
159,D,ASP:158:A,-1.378,9,"(-1.613, -1.281, 9, 8)",e,f,369/443,"D 72%, L 17%, I 5%, N 3%, Y <1%"
160,T,THR:159:A,-1.091,8,"(-1.281, -0.944, 8, 8)",e,f,369/443,"T 75%, R 11%, K 7%, Q 2%, W 2%, A <1%, S <1%"
161,S,SER:160:A,-1.325,9,"(-1.514, -1.212, 9, 8)",e,f,369/443,"T 57%, I 21%, S 19%, V 1%, A <1%"
162,T,THR:161:A,-1.175,8,"(-1.354, -1.077, 9, 8)",e,f,368/443,"T 60%, S 31%, M 7%, N <1%"
163,P,PRO:162:A,-1.279,8,"(-1.514, -1.144, 9, 8)",e,f,372/443,"P 83%, A 16%, M <1%"
164,R,ARG:163:A,2.488,1,"(1.329, 2.978, 3, 1)",e,,372/443,"R 29%, A 22%, V 12%, K 7%, T 6%, L 5%, H 5%, I 5%, Q 2%, D 1%, E 1%, M <1%, N <1%"
165,A,ALA:164:A,-1.178,8,"(-1.354, -1.077, 9, 8)",b,,373/443,"A 70%, E 11%, Q 7%, N 5%, S 5%, G <1%, D <1%"
166,M,MET:165:A,-1.004,8,"(-1.212, -0.877, 8, 7)",b,,375/443,"M 49%, Q 16%, V 9%, I 7%, E 6%, L 4%, F 3%, T 1%, N <1%, A <1%, Y <1%"
167,A,ALA:166:A,-0.712,7,"(-0.944, -0.517, 8, 6)",b,,375/443,"A 61%, V 16%, I 7%, T 7%, G 3%, E 1%, L 1%, K <1%"
168,E,GLU:167:A,1.028,3,"(0.583, 1.329, 4, 3)",e,,375/443,"Q 25%, T 17%, E 15%, A 12%, L 6%, S 5%, K 5%, R 4%, N 3%, G 1%, D 1%, V <1%"
169,L,LEU:168:A,-0.458,6,"(-0.738, -0.268, 7, 6)",b,,375/443,"T 50%, F 21%, S 16%, V 5%, L 2%, D 1%, N 1%, G <1%, A <1%, I <1%"
170,L,LEU:169:A,-0.539,6,"(-0.808, -0.356, 7, 6)",b,,375/443,"L 82%, V 7%, A 4%, M 2%, I 1%, K <1%, Y <1%"
171,R,ARG:170:A,0.475,4,"(0.03, 0.778, 5, 4)",e,,375/443,"R 52%, Q 17%, K 6%, E 6%, N 5%, A 4%, D 2%, S 2%, Y 1%, H <1%, G <1%, I <1%"
172,K,LYS:171:A,-0.194,6,"(-0.517, 0.03, 6, 5)",e,,375/443,"K 49%, Q 19%, N 7%, A 6%, S 5%, R 4%, D 3%, T 2%, V <1%, H <1%, L <1%, G <1%, I <1%"
173,L,LEU:172:A,-0.676,7,"(-0.944, -0.517, 8, 6)",b,,375/443,"L 84%, F 6%, I 3%, V 3%, Y 1%, H <1%, M <1%, A <1%"
174,L,LEU:173:A,0.594,4,"(0.147, 0.778, 5, 4)",e,,396/443,"T 28%, L 26%, A 12%, Y 12%, V 7%, I 4%, G 2%, F 2%, E 1%, D 1%, H <1%, M <1%, S <1%, K <1%"
175,F,PHE:174:A,0.562,4,"(0.147, 0.778, 5, 4)",e,,377/443,"L 48%, T 18%, H 9%, A 3%, F 3%, Y 2%, E 2%, N 2%, K 2%, V 1%, S 1%, Q 1%, R <1%, G <1%"
176,G,GLY:175:A,0.159,5,"(-0.268, 0.419, 6, 4)",e,,378/443,"G 64%, N 18%, S 5%, E 4%, K 2%, D 1%, T 1%, H <1%, I <1%, R <1%, Q <1%, A <1%"
177,D,ASP:176:A,0.32,5,"(-0.076, 0.583, 5, 4)",e,,396/443,"K 19%, E 15%, D 13%, H 12%, N 9%, S 7%, Q 6%, G 5%, R 2%, I 2%, T 2%, L 1%, P <1%, A <1%"
178,A,ALA:177:A,0.17,5,"(-0.174, 0.419, 5, 4)",e,,423/443,"A 39%, L 11%, P 10%, T 9%, K 5%, H 5%, S 4%, R 3%, V 3%, N 1%, I 1%, Y <1%, Q <1%, M <1%, G <1%"
179,L,LEU:178:A,-1.238,8,"(-1.43, -1.144, 9, 8)",b,,423/443,"L 67%, F 17%, V 7%, A 4%, Y 2%"
180,S,SER:179:A,-0.279,6,"(-0.593, -0.076, 7, 5)",e,,420/443,"S 26%, G 18%, A 15%, T 15%, P 13%, K 5%, D 2%, R <1%, Q <1%, H <1%, N <1%, L <1%"
181,P,PRO:180:A,1.584,3,"(1.016, 1.799, 3, 2)",e,,423/443,"E 23%, A 19%, P 15%, L 13%, K 11%, S 5%, D 3%, Q 2%, T 1%, G 1%, N <1%, Y <1%, V <1%, R <1%"
182,E,GLU:181:A,1.256,3,"(0.778, 1.799, 4, 2)",e,,440/443,"A 19%, E 17%, T 17%, R 9%, P 7%, N 6%, D 5%, K 4%, S 4%, V 2%, Q <1%, H <1%, M <1%, Y <1%, G <1%"
183,A,ALA:182:A,-0.358,6,"(-0.593, -0.174, 7, 5)",e,,396/443,"S 32%, Q 29%, N 10%, K 10%, T 5%, V 3%, H 2%, A 2%, E 1%, D 1%, R <1%, I <1%, G <1%, Y <1%"
184,R,ARG:183:A,-0.527,6,"(-0.808, -0.356, 7, 6)",e,,396/443,"R 58%, Q 22%, K 5%, A 2%, T 2%, V 2%, I 2%, M 1%, Y 1%, N 1%, L <1%, D <1%, C <1%"
185,A,ALA:184:A,1.273,3,"(0.778, 1.799, 4, 2)",e,,396/443,"A 31%, Q 22%, R 10%, E 8%, D 7%, K 5%, L 4%, H 3%, N 2%, T 1%, G 1%, V <1%, I <1%, M <1%, S <1%"
186,R,ARG:185:A,-0.021,5,"(-0.356, 0.147, 6, 5)",e,,440/443,"Q 46%, I 12%, L 9%, G 9%, F 4%, R 3%, E 3%, T 2%, N 2%, K 1%, M 1%, A 1%, V <1%, Y <1%, H <1%"
187,L,LEU:186:A,-0.855,7,"(-1.077, -0.738, 8, 7)",b,,443/443,"L 61%, V 16%, W 6%, F 6%, I 4%, T 1%, E <1%, N <1%, D <1%, A <1%, Y <1%, Q <1%, H <1%, M <1%"
188,R,ARG:187:A,1.208,3,"(0.583, 1.799, 4, 2)",b,,357/443,"V 41%, I 19%, L 11%, T 8%, S 5%, E 3%, A 2%, N 1%, M 1%, K 1%, R <1%, Q <1%, W <1%, Y <1%"
189,E,GLU:188:A,0.613,4,"(0.147, 0.778, 5, 4)",e,,442/443,"D 31%, T 18%, K 17%, E 7%, Q 5%, R 5%, S 4%, A 3%, M 2%, N 1%, H 1%, I <1%, F <1%, G <1%"
190,L,LEU:189:A,-0.132,5,"(-0.438, 0.03, 6, 5)",e,,443/443,"W 58%, D 6%, P 5%, Q 5%, E 5%, S 5%, L 3%, K 2%, N 1%, R 1%, A <1%, T <1%, G <1%, I <1%, F <1%, M <1%, Y <1%"
191,L,LEU:190:A,-0.819,7,"(-1.011, -0.668, 8, 7)",b,,443/443,"M 40%, L 28%, A 15%, G 9%, I 3%, F <1%, V <1%, D <1%, N <1%, E <1%"
192,L,LEU:191:A,0.3,5,"(-0.076, 0.583, 5, 4)",e,,443/443,"K 30%, L 14%, E 13%, M 9%, T 6%, V 6%, I 5%, A 4%, D 4%, R 1%, Q 1%, G <1%, Y <1%, F <1%"
193,S,SER:192:A,0.31,5,"(-0.076, 0.583, 5, 4)",e,,443/443,"G 32%, A 23%, L 9%, R 8%, V 8%, D 5%, N 3%, E 2%, I 2%, Q 1%, Y 1%, F <1%, K <1%, S <1%, P <1%, H <1%"
194,A,ALA:193:A,-0.775,7,"(-1.011, -0.668, 8, 7)",e,,443/443,"N 47%, D 14%, T 11%, V 6%, I 6%, P 5%, L 1%, Q 1%, F 1%, W <1%, Y <1%, A <1%, M <1%, C <1%, K <1%, S <1%"
195,N,ASN:194:A,-0.45,6,"(-0.668, -0.268, 7, 6)",e,,443/443,"T 39%, K 20%, E 15%, R 7%, N 6%, Q 4%, D 1%, S 1%, A 1%, H <1%, P <1%, W <1%, F <1%"
196,I,ILE:195:A,-0.793,7,"(-1.011, -0.668, 8, 7)",e,,440/443,"T 45%, V 19%, F 10%, A 9%, E 5%, L 3%, S 2%, K <1%, D <1%, R <1%, I <1%, Y <1%, N <1%, P <1%, Q <1%, X <1%"
197,G,GLY:196:A,-0.505,6,"(-0.808, -0.356, 7, 6)",e,,443/443,"G 64%, A 19%, N 6%, S 2%, V 2%, K 1%, L <1%, T <1%, R <1%, F <1%, D <1%"
198,G,GLY:197:A,0.311,5,"(-0.076, 0.583, 5, 4)",e,,356/443,"G 26%, A 24%, D 19%, P 15%, N 8%, S 3%, K <1%, L <1%"
199,G,GLY:198:A,1.178,3,"(0.583, 1.329, 4, 3)",e,,312/443,"A 37%, P 21%, K 12%, H 8%, T 5%, I 2%, N 2%, Q 2%, E 1%, V 1%, G <1%, L <1%, D <1%, S <1%, M <1%, R <1%"
200,C,CYS:199:A,-0.117,5,"(-0.438, 0.147, 6, 5)",e,,313/443,"L 33%, S 26%, R 25%, T 5%, V 2%, A 1%, C 1%, K 1%, P <1%, Y <1%"
201,A,ALA:200:A,-0.804,7,"(-1.077, -0.668, 8, 7)",b,,357/443,"I 57%, L 33%, V 5%, F 2%, M <1%, A <1%"
202,A,ALA:201:A,-1.201,8,"(-1.43, -1.077, 9, 8)",e,f,357/443,"R 69%, K 13%, E 6%, Q 4%, T 4%, A 1%, V <1%, G <1%"
203,G,GLY:202:A,-1.306,8,"(-1.514, -1.212, 9, 8)",b,,357/443,"A 59%, S 19%, V 10%, L 3%, D 3%, G 2%, M <1%, R <1%, F <1%"
204,F,PHE:203:A,-0.328,6,"(-1.212, 0.147, 8, 5)",b,,1/443,F
205,G,GLY:204:A,-0.135,5,"(-0.438, 0.147, 6, 5)",b,,357/443,"G 47%, A 21%, F 12%, V 6%, H 3%, S 2%, L 1%, Y 1%, I 1%, C <1%, R <1%, M <1%, Q <1%"
206,S,SER:205:A,-0.426,6,"(-0.738, -0.268, 7, 6)",b,,357/443,"L 50%, V 20%, Y 13%, F 12%, A 2%, S <1%, Q <1%, M <1%"
207,M,MET:206:A,-1.049,8,"(-1.281, -0.877, 8, 7)",b,,402/443,"P 88%, N 4%, D 3%, G 1%, R <1%, M <1%, A <1%, E <1%, I <1%"
208,S,SER:207:A,0.438,4,"(0.03, 0.778, 5, 4)",e,,411/443,"A 41%, G 22%, T 11%, K 11%, P 4%, D 4%, E 1%, S 1%, N <1%, R <1%, I <1%"
209,P,PRO:208:A,-0.105,5,"(-0.944, 0.419, 8, 4)",e,,2/443,"P 50%, A 50%"
210,G,GLY:209:A,0.787,4,"(0.275, 1.016, 5, 3)",e,,393/443,"G 34%, D 27%, S 23%, E 6%, N 3%, H 2%, A 1%, C <1%, R <1%, T <1%"
211,V,VAL:210:A,-0.31,6,"(-0.593, -0.076, 7, 5)",b,,393/443,"W 67%, Y 16%, T 6%, S 2%, N 1%, I 1%, D <1%, V <1%, F <1%, L <1%, E <1%, A <1%"
212,T,THR:211:A,0.47,4,"(0.03, 0.778, 5, 4)",e,,393/443,"F 16%, V 16%, T 15%, K 13%, A 9%, I 7%, L 5%, R 5%, E 4%, S 3%, N 2%, Q <1%, G <1%"
213,Y,TYR:212:A,-0.857,7,"(-1.077, -0.738, 8, 7)",b,,393/443,"V 58%, I 29%, W 5%, L 4%, A 1%, T <1%, Y <1%, F <1%"
214,G,GLY:213:A,-0.024,5,"(-0.356, 0.147, 6, 5)",e,,393/443,"G 38%, A 29%, Y 7%, R 6%, H 6%, I 5%, T 3%, F 1%, K 1%, S <1%, L <1%, E <1%, Q <1%"
215,A,ALA:214:A,-1.043,8,"(-1.281, -0.877, 8, 7)",e,f,393/443,"D 67%, A 10%, G 6%, S 4%, W 3%, E 2%, H 2%, V 1%, M <1%, Y <1%, N <1%, F <1%"
216,K,LYS:215:A,-1.38,9,"(-1.613, -1.281, 9, 8)",e,f,393/443,"K 92%, T 3%, R 2%, Q <1%, D <1%, G <1%, N <1%"
217,S,SER:216:A,-1.169,8,"(-1.354, -1.077, 9, 8)",e,f,393/443,"T 71%, S 23%, D 2%, L 1%, A <1%, V <1%, P <1%"
218,A,ALA:217:A,-1.372,9,"(-1.613, -1.281, 9, 8)",e,f,393/443,"G 94%, T 2%, A 1%, K 1%, C 1%"
219,G,GLY:218:A,-0.423,6,"(-0.668, -0.268, 7, 6)",e,,393/443,"T 25%, A 25%, S 22%, W 6%, Y 6%, F 4%, Q 3%, D 2%, R 2%, E <1%, G <1%, M <1%"
220,S,SER:219:A,0.946,4,"(0.419, 1.329, 4, 3)",e,,288/443,"G 45%, S 19%, C 16%, A 10%, N 3%, D 1%, E 1%, R 1%, H <1%, Q <1%"
221,A,ALA:220:A,2.909,1,"(1.799, 2.978, 2, 1)",e,,331/443,"E 27%, D 25%, G 11%, N 9%, V 8%, S 6%, T 4%, K 2%, A 1%, I 1%, R <1%, L <1%, F <1%, P <1%, Q <1%"
222,P,PRO:221:A,-0.407,6,"(-0.738, -0.174, 7, 5)",e,,366/443,"Y 50%, P 19%, R 18%, A 4%, T 2%, H 1%, F <1%, K <1%, G <1%, E <1%, Q <1%, D <1%, L <1%"
223,G,GLY:222:A,-0.3,6,"(-0.593, -0.076, 7, 5)",e,,422/443,"G 73%, A 9%, Q 6%, K 5%, V 1%, T <1%, P <1%, R <1%, D <1%, N <1%, I <1%"
224,V,VAL:223:A,-0.513,6,"(-0.738, -0.356, 7, 6)",e,,422/443,"T 36%, S 15%, H 12%, V 9%, A 7%, I 6%, R 4%, G 2%, D 1%, L <1%, F <1%, N <1%, M <1%, E <1%"
225,L,LEU:224:A,-0.428,6,"(-0.738, -0.268, 7, 6)",e,,422/443,"T 31%, R 27%, A 18%, G 16%, S 4%, L <1%, I <1%, N <1%, V <1%, D <1%"
226,N,ASN:225:A,-1.429,9,"(-1.613, -1.354, 9, 9)",e,f,422/443,"N 51%, W 20%, G 17%, S 6%, T 2%, P 1%, R <1%, E <1%"
227,C,CYS:226:A,-1.338,9,"(-1.514, -1.212, 9, 8)",e,f,422/443,"D 62%, I 17%, W 10%, L 4%, F 4%, Y <1%, C <1%"
228,V,VAL:227:A,-0.96,8,"(-1.144, -0.808, 8, 7)",b,,422/443,"I 48%, V 23%, N 11%, Y 7%, T 5%, A 1%, E <1%, S <1%, H <1%, F <1%, L <1%"
229,G,GLY:228:A,-1.257,8,"(-1.43, -1.144, 9, 8)",b,,422/443,"A 60%, G 27%, I 6%, L 4%, V <1%"
230,F,PHE:229:A,-0.461,6,"(-0.738, -0.268, 7, 6)",b,,422/443,"V 43%, W 16%, A 11%, F 8%, I 6%, T 6%, L 4%, M 1%, Y <1%"
231,V,VAL:230:A,-0.317,6,"(-0.593, -0.174, 7, 5)",b,,422/443,"V 44%, I 30%, L 18%, F 2%, A 2%, T <1%"
232,T,THR:231:A,-0.005,5,"(-0.356, 0.275, 6, 5)",b,,422/443,"W 41%, G 22%, E 17%, Y 9%, K 2%, T 2%, I 1%, V <1%, M <1%, F <1%, L <1%, R <1%, S <1%"
233,V,VAL:232:A,-0.071,5,"(-0.438, 0.147, 6, 5)",e,,417/443,"P 57%, L 8%, I 6%, K 5%, S 5%, Q 4%, V 4%, A 2%, T 1%, R 1%, F <1%, E <1%, W <1%, G <1%"
234,N,ASN:233:A,0.599,4,"(-0.076, 1.016, 5, 3)",e,,116/443,"G 39%, D 19%, Q 18%, N 17%, A 1%, H 1%, R <1%, S <1%"
235,G,GLY:234:A,0.651,4,"(0.275, 1.016, 5, 3)",e,,420/443,"R 28%, G 18%, K 16%, E 7%, T 6%, N 5%, H 5%, A 3%, S 3%, D 1%, V 1%, Q <1%, Y <1%, L <1%"
236,R,ARG:235:A,0.024,5,"(-0.268, 0.275, 6, 5)",e,,442/443,"A 36%, V 16%, P 12%, D 8%, K 7%, R 5%, E 2%, S 2%, N 2%, Q 2%, T 2%, Y <1%, H <1%, G <1%, L <1%"
237,T,THR:236:A,-0.264,6,"(-0.593, -0.076, 7, 5)",e,,385/443,"P 51%, S 12%, I 10%, V 5%, K 4%, E 4%, D 2%, R 2%, T 1%, H 1%, L <1%, Q <1%, N <1%"
238,Y,TYR:237:A,-0.299,6,"(-0.593, -0.076, 7, 5)",b,,441/443,"L 28%, I 20%, Y 15%, R 14%, V 7%, A 6%, W 5%, F <1%, S <1%, M <1%"
239,V,VAL:238:A,-0.296,6,"(-0.593, -0.076, 7, 5)",b,,442/443,"V 39%, I 23%, F 19%, A 8%, Y 4%, P 2%, L 1%, T <1%, S <1%"
240,V,VAL:239:A,-0.38,6,"(-0.668, -0.174, 7, 5)",b,,442/443,"L 33%, V 25%, F 21%, G 11%, I 4%, Y 3%, M <1%"
241,V,VAL:240:A,-0.874,7,"(-1.077, -0.738, 8, 7)",b,,442/443,"V 40%, A 40%, G 11%, S 5%, T 1%, I <1%, F <1%"
242,V,VAL:241:A,-0.323,6,"(-0.593, -0.174, 7, 5)",b,,442/443,"V 24%, I 22%, T 19%, C 11%, L 5%, M 4%, F 4%, D 3%, A <1%, R <1%, S <1%, G <1%, N <1%, K <1%, H <1%"
243,M,MET:242:A,-0.951,8,"(-1.144, -0.808, 8, 7)",b,,442/443,"Y 50%, N 16%, L 11%, M 6%, S 4%, A 4%, F 4%, K 1%, H <1%, R <1%, I <1%, T <1%"
244,T,THR:243:A,-0.193,6,"(-0.438, 0.03, 6, 5)",b,,442/443,"T 25%, F 19%, L 14%, M 12%, I 10%, S 10%, V 6%, Y 1%, R <1%, P <1%, G <1%"
245,Y,TYR:244:A,0.327,5,"(0.03, 0.583, 5, 4)",e,,442/443,"T 39%, D 17%, R 10%, S 7%, K 7%, E 4%, N 4%, Y 1%, A 1%, H 1%, Q 1%, L <1%, V <1%, I <1%, G <1%, M <1%"
246,A,ALA:245:A,0.723,4,"(0.275, 1.016, 5, 3)",e,,425/443,"Q 20%, D 14%, G 12%, A 11%, M 11%, R 9%, E 5%, I 4%, K 4%, P 1%, T <1%, S <1%, N <1%, H <1%, V <1%"
247,P,PRO:246:A,0.998,3,"(0.419, 1.329, 4, 3)",e,,422/443,"P 35%, S 24%, D 11%, A 6%, T 6%, K 4%, R 3%, L 3%, G 1%, E <1%, V <1%, N <1%, Q <1%, H <1%, F <1%, I <1%"
248,G,GLY:247:A,1.226,3,"(0.583, 1.799, 4, 2)",e,,368/443,"Q 35%, N 18%, E 8%, K 8%, T 7%, G 6%, P 4%, S 4%, A 2%, D 2%, R 1%, L <1%"
249,A,ALA:248:A,0.957,4,"(0.419, 1.329, 4, 3)",e,,317/443,"A 23%, Q 20%, K 19%, P 6%, Y 6%, M 5%, L 4%, R 3%, E 2%, V 2%, S 1%, I 1%, D <1%, N <1%, G <1%"
250,T,THR:249:A,1.157,3,"(0.583, 1.329, 4, 3)",e,,325/443,"D 26%, N 18%, S 17%, T 16%, K 11%, P 3%, I 1%, E 1%, Q 1%, L <1%, R <1%, F <1%, H <1%, V <1%, G <1%"
251,R,ARG:250:A,0.238,5,"(-0.076, 0.419, 5, 4)",e,,381/443,"A 42%, M 18%, D 11%, S 8%, K 6%, G 4%, T 2%, L 1%, E 1%, V <1%, I <1%, R <1%, Y <1%, N <1%, Q <1%"
252,A,ALA:251:A,1.051,3,"(0.583, 1.329, 4, 3)",e,,371/443,"E 28%, A 16%, D 16%, K 11%, S 6%, R 4%, T 3%, V 2%, Q 2%, G 1%, P 1%, L <1%, N <1%, M <1%, F <1%, H <1%"
253,Q,GLN:252:A,1.222,3,"(0.583, 1.329, 4, 3)",e,,416/443,"E 21%, S 20%, P 13%, K 7%, A 6%, D 5%, Y 5%, I 3%, T 3%, N 3%, H 2%, V 1%, R 1%, Q <1%, L <1%, W <1%, F <1%"
254,R,ARG:253:A,-0.291,6,"(-0.593, -0.076, 7, 5)",e,,418/443,"R 53%, S 13%, G 11%, K 6%, D 5%, N 5%, L <1%, A <1%, Q <1%, E <1%, T <1%, V <1%"
255,I,ILE:254:A,0.321,5,"(-0.076, 0.583, 5, 4)",e,,389/443,"N 20%, L 19%, R 18%, D 17%, E 7%, A 6%, Y 4%, V 1%, K 1%, I 1%, T <1%, F <1%, P <1%"
256,A,ALA:255:A,0.209,5,"(-0.174, 0.419, 5, 4)",e,,397/443,"D 22%, G 18%, A 16%, R 13%, K 9%, Q 7%, P 6%, E 3%, L <1%, S <1%"
257,V,VAL:256:A,-0.604,7,"(-0.877, -0.438, 7, 6)",b,,397/443,"L 31%, V 30%, Q 16%, N 11%, I 6%, Y 1%, A 1%, F <1%, T <1%"
258,L,LEU:257:A,-0.885,7,"(-1.144, -0.738, 8, 7)",b,,397/443,"I 42%, L 34%, R 10%, V 8%, Q 1%, S 1%, K <1%, N <1%"
259,T,THR:258:A,-0.689,7,"(-0.944, -0.517, 8, 6)",e,,397/443,"A 71%, G 10%, Q 5%, K 5%, S 2%, D 1%, N 1%, V <1%, T <1%, E <1%, R <1%"
260,R,ARG:259:A,0.092,5,"(-0.268, 0.275, 6, 5)",e,,403/443,"E 28%, S 25%, A 17%, D 14%, G 3%, N 3%, K 2%, Q 2%, R 1%, T <1%, M <1%"
261,A,ALA:260:A,-0.943,8,"(-1.144, -0.808, 8, 7)",b,,405/443,"A 55%, I 29%, V 7%, T 3%, P 2%, R <1%, F <1%, L <1%, S <1%"
262,G,GLY:261:A,-0.091,5,"(-0.438, 0.147, 6, 5)",b,,405/443,"A 40%, G 21%, T 11%, D 9%, P 4%, R 3%, N 3%, S 2%, C <1%, K <1%, E <1%, L <1%"
263,E,GLU:262:A,0.066,5,"(-0.268, 0.275, 6, 5)",e,,401/443,"R 24%, K 21%, A 18%, T 11%, L 4%, N 3%, Q 3%, I 3%, E 2%, V 1%, M <1%, D <1%, H <1%, S <1%, G <1%"
264,A,ALA:263:A,0.334,4,"(-0.076, 0.583, 5, 4)",e,,401/443,"I 26%, E 17%, S 16%, A 12%, L 9%, V 6%, C 4%, N 1%, Q 1%, D <1%, K <1%, T <1%"
265,I,ILE:264:A,-0.137,5,"(-0.438, 0.03, 6, 5)",b,,401/443,"V 26%, I 23%, L 18%, A 13%, H 6%, D 4%, E 4%, F 1%, T <1%, S <1%"
266,E,GLU:265:A,0.917,4,"(0.419, 1.329, 4, 3)",b,,401/443,"A 20%, I 18%, T 16%, L 12%, Y 11%, W 6%, M 5%, V 3%, F 1%, S <1%, R <1%, D <1%, E <1%"
267,A,ALA:266:A,0.869,4,"(0.419, 1.016, 4, 3)",e,,441/443,"E 23%, K 23%, A 8%, R 7%, D 6%, T 5%, P 4%, G 4%, Q 4%, Y 3%, H 2%, I 1%, M 1%, S <1%, N <1%, L <1%, V <1%"
268,L,LEU:267:A,1.385,3,"(0.778, 1.799, 4, 2)",e,,441/443,"G 23%, A 16%, H 16%, K 9%, E 7%, V 4%, T 3%, L 3%, D 3%, R 3%, N 2%, S 1%, Y 1%, Q <1%, F <1%, I <1%, M <1%, W <1%"
269,L,LEU:268:A,0.104,5,"(-0.268, 0.275, 6, 5)",e,,433/443,"L 31%, S 18%, W 15%, I 11%, F 9%, V 6%, T 2%, Y 1%, E <1%, A <1%, K <1%, M <1%, G <1%"
270,A,ALA:269:A,2.064,2,"(1.329, 2.978, 3, 1)",e,,300/443,"L 23%, A 18%, G 10%, V 7%, N 7%, I 6%, M 6%, F 6%, Q 5%, K 2%, T 1%, R 1%, H 1%, P <1%, S <1%, D <1%"
