POS,SEQ,ATOM,SCORE,COLOR,CONFIDENCE_INTERVAL,B/E,F/S,MSA DATA,RESIDUE_VARIETY
1,S,SER:0:A,1.993,2,"(1.221, 2.087, 3, 2)",e,,349/443,"V 30%, T 17%, E 12%, L 11%, A 4%, H 4%, P 4%, F 3%, M 3%, S 2%, N 1%, I 1%, K 1%, G <1%, Y <1%"
2,K,LYS:1:A,1.79,2,"(0.955, 2.087, 4, 2)",e,,362/443,"Q 21%, L 18%, A 15%, N 14%, K 9%, E 7%, M 2%, S 2%, D 1%, R 1%, V 1%, I 1%, P <1%, H <1%"
3,E,GLU:2:A,2.535,1,"(1.569, 3.389, 3, 1)",e,,367/443,"Q 25%, E 16%, V 15%, K 14%, D 11%, T 7%, S 2%, A 1%, R <1%, M <1%, P <1%, I <1%, N <1%, H <1%, L <1%, G <1%"
4,A,ALA:3:A,0.933,4,"(0.392, 1.221, 4, 3)",e,,367/443,"K 34%, Q 14%, S 13%, D 10%, P 7%, R 6%, E 5%, A 3%, N 2%, V 1%, F <1%, M <1%, G <1%"
5,I,ILE:4:A,0.405,4,"(-0.115, 0.738, 5, 4)",b,,367/443,"L 36%, F 18%, V 15%, I 13%, W 12%, Y 1%, T <1%, M <1%, C <1%"
6,K,LYS:5:A,0.521,4,"(0.117, 0.738, 5, 4)",e,,381/443,"A 39%, K 24%, N 14%, E 8%, S 5%, R 3%, H 1%, D 1%, V 1%, Q <1%, G <1%, F <1%"
7,A,ALA:6:A,2.125,2,"(1.221, 2.087, 3, 2)",e,,382/443,"A 25%, K 21%, D 19%, E 15%, S 5%, L 4%, Q 2%, N 1%, R 1%, T 1%, G <1%, C <1%"
8,V,VAL:7:A,0.2,5,"(-0.756, 0.738, 7, 4)",b,,13/443,"L 53%, F 38%, V 7%"
9,V,VAL:8:A,-0.048,5,"(-0.915, 0.554, 7, 4)",b,,13/443,"L 69%, S 23%, V 7%"
10,A,ALA:9:A,-0.434,6,"(-1.227, 0.117, 8, 5)",b,,13/443,"V 69%, T 23%, A 7%"
11,E,GLU:10:A,0.538,4,"(-0.504, 1.221, 6, 3)",e,,13/443,"G 38%, Y 30%, A 23%, E 7%"
12,T,THR:11:A,-0.302,6,"(-1.306, 0.248, 8, 5)",b,,1/443,T
13,K,LYS:12:A,0.44,4,"(-0.004, 0.738, 5, 4)",b,,382/443,"L 56%, A 13%, H 5%, E 5%, Y 5%, S 5%, I 4%, C 1%, F 1%, M <1%, K <1%, N <1%, R <1%"
14,A,ALA:13:A,-1.362,8,"(-1.667, -1.227, 9, 8)",e,f,373/443,"E 73%, F 18%, A 2%, S 1%, L 1%, T 1%, V <1%, P <1%, Q <1%, M <1%"
15,E,GLU:14:A,1.827,2,"(0.955, 2.087, 4, 2)",e,,374/443,"K 25%, D 17%, R 15%, S 12%, Q 7%, T 6%, A 5%, E 4%, N 3%, L <1%, H <1%, V <1%, G <1%, P <1%, I <1%"
16,L,LEU:15:A,2.481,1,"(1.569, 3.389, 3, 1)",e,,296/443,"Q 34%, S 22%, D 12%, R 10%, K 6%, E 3%, A 2%, T 2%, F 1%, G 1%, H 1%, L <1%, Y <1%"
17,K,LYS:16:A,0.586,4,"(0.117, 0.955, 5, 4)",e,,317/443,"S 29%, F 21%, E 14%, Y 11%, A 8%, K 5%, V 2%, T 1%, Q <1%, R <1%, I <1%, N <1%, L <1%, C <1%, H <1%, D <1%"
18,A,ALA:17:A,2.214,2,"(1.221, 3.389, 3, 1)",e,,317/443,"G 40%, D 14%, E 8%, A 7%, H 7%, N 6%, K 5%, M 2%, S 1%, V <1%, Q <1%, Y <1%, I <1%, P <1%, F <1%, L <1%, T <1%, R <1%"
19,E,GLU:18:A,0.174,5,"(-0.22, 0.554, 6, 4)",e,,382/443,"G 46%, A 38%, K 6%, Q 3%, N 1%, H 1%, D 1%, S <1%, V <1%, E <1%, C <1%"
20,K,LYS:19:A,0.064,5,"(-0.319, 0.392, 6, 4)",e,,383/443,"R 55%, S 12%, T 7%, V 7%, K 5%, H 3%, Q 2%, I 2%, A 2%, L <1%, G <1%, N <1%"
21,V,VAL:20:A,0.065,5,"(-0.319, 0.392, 6, 4)",b,,384/443,"L 38%, V 20%, I 16%, Q 8%, N 5%, S 2%, T 1%, D 1%, E 1%, A 1%, K <1%, F <1%, M <1%, P <1%"
22,A,ALA:21:A,-1.22,8,"(-1.565, -1.071, 9, 8)",b,,387/443,"G 95%, S 2%, A <1%, E <1%, I <1%, T <1%, N <1%"
23,V,VAL:22:A,-0.767,7,"(-1.071, -0.591, 8, 6)",b,,391/443,"V 65%, Y 12%, M 4%, I 3%, S 2%, C 2%, P 2%, T 2%, G 1%, F 1%, A 1%, L <1%"
24,A,ALA:23:A,0.857,4,"(0.392, 1.221, 4, 3)",b,,391/443,"A 31%, I 20%, Y 19%, F 12%, V 7%, L 5%, T 1%, S 1%, C <1%, K <1%, H <1%, G <1%, M <1%"
25,V,VAL:24:A,-0.428,6,"(-0.756, -0.22, 7, 6)",b,,393/443,"V 24%, A 23%, L 23%, E 16%, I 7%, M 2%, G <1%, T <1%, F <1%"
26,L,LEU:25:A,0.896,4,"(0.392, 1.221, 4, 3)",b,,394/443,"L 39%, I 30%, M 10%, P 5%, V 4%, F 2%, H 1%, Y 1%, W 1%, A <1%, T <1%, E <1%, G <1%, Q <1%"
27,N,ASN:26:A,-0.253,6,"(-0.591, -0.004, 6, 5)",e,,394/443,"D 57%, N 18%, S 5%, A 5%, K 5%, E 2%, G 1%, T 1%, Q 1%, M <1%, F <1%, R <1%"
28,L,LEU:27:A,0.221,5,"(-0.22, 0.554, 6, 4)",e,,395/443,"T 50%, L 18%, E 6%, G 6%, S 5%, P 3%, V 2%, A 2%, D 1%, I 1%, N <1%, K <1%, Y <1%, M <1%, R <1%"
29,E,GLU:28:A,1.12,3,"(0.554, 1.569, 4, 3)",e,,398/443,"A 30%, G 20%, N 17%, K 8%, Q 7%, S 6%, E 3%, D 2%, C <1%, P <1%, R <1%, L <1%, T <1%"
30,T,THR:29:A,0.083,5,"(-0.319, 0.392, 6, 4)",e,,402/443,"S 36%, D 21%, T 16%, K 7%, N 6%, G 3%, P 2%, M 1%, Q 1%, H <1%, E <1%, A <1%"
31,G,GLY:30:A,1.416,3,"(0.738, 1.569, 4, 3)",e,,416/443,"K 24%, A 13%, R 11%, T 11%, G 9%, S 8%, Q 6%, I 4%, L 3%, N 2%, D 1%, E 1%, V <1%, W <1%"
32,E,GLU:31:A,1.183,3,"(0.554, 1.569, 4, 3)",e,,416/443,"Q 26%, T 17%, E 14%, I 13%, A 7%, S 7%, R 5%, V 2%, K 1%, N 1%, Y <1%, F <1%, L <1%, M <1%, P <1%, D <1%"
33,R,ARG:32:A,1.599,3,"(0.955, 2.087, 4, 2)",b,,398/443,"I 26%, V 25%, L 18%, G 5%, C 4%, T 4%, A 3%, F 3%, Y 1%, K 1%, W 1%, S 1%, M <1%, P <1%, Q <1%, R <1%, E <1%, N <1%"
34,I,ILE:33:A,0.158,5,"(-0.319, 0.554, 6, 4)",e,,182/443,"E 28%, N 22%, D 13%, Y 9%, A 8%, T 8%, L 3%, Q 1%, I 1%, H 1%, M 1%, V <1%, F <1%"
35,G,GLY:34:A,1.456,3,"(0.738, 2.087, 4, 2)",e,,417/443,"L 35%, S 18%, A 10%, G 7%, M 6%, E 5%, K 5%, P 4%, T 1%, D 1%, Q <1%, R <1%, N <1%, V <1%"
36,A,ALA:35:A,0.74,4,"(0.248, 0.955, 5, 4)",e,,417/443,"Y 41%, F 14%, A 8%, E 8%, H 6%, K 5%, T 4%, W 4%, S 1%, V 1%, D <1%, G <1%, L <1%, N <1%, Q <1%, I <1%"
37,D,ASP:36:A,-1.234,8,"(-1.473, -1.071, 9, 8)",e,f,418/443,"R 79%, T 6%, N 5%, V 3%, L 1%, D 1%, A <1%, K <1%, H <1%, S <1%, P <1%"
38,E,GLU:37:A,0.744,4,"(0.248, 0.955, 5, 4)",e,,420/443,"A 43%, G 20%, P 16%, S 6%, M 3%, N 2%, E 1%, C 1%, D 1%, I 1%, Q <1%, L <1%, K <1%"
39,R,ARG:38:A,0.173,5,"(-0.22, 0.392, 6, 4)",e,,420/443,"D 49%, E 22%, N 13%, S 6%, A 3%, K 2%, Q <1%, F <1%, G <1%, R <1%, I <1%, H <1%"
40,I,ILE:39:A,-0.536,6,"(-0.837, -0.319, 7, 6)",e,,420/443,"E 60%, Q 16%, K 10%, I 5%, T 4%, R <1%, D <1%, H <1%, S <1%, Y <1%, M <1%, P <1%, L <1%"
41,R,ARG:40:A,-1.375,8,"(-1.667, -1.227, 9, 8)",e,f,420/443,"R 76%, E 9%, A 5%, P 4%, H 1%, Q <1%, K <1%, S <1%, M <1%, L <1%"
42,L,LEU:41:A,-0.949,7,"(-1.227, -0.756, 8, 7)",b,,423/443,"F 79%, Y 10%, V 4%, R 1%, M 1%, Q <1%, L <1%, D <1%, A <1%, I <1%"
43,G,GLY:42:A,-0.209,6,"(-0.591, -0.004, 6, 5)",e,,423/443,"P 44%, A 23%, L 10%, G 10%, V 4%, S 2%, T 1%, I <1%, F <1%, K <1%, Y <1%, R <1%"
44,R,ARG:43:A,-0.823,7,"(-1.071, -0.675, 8, 7)",e,,423/443,"M 43%, P 20%, L 10%, F 10%, D 6%, E 4%, Y 4%, K <1%, A <1%, R <1%, N <1%, I <1%"
45,L,LEU:44:A,-0.144,5,"(-0.504, 0.117, 6, 5)",b,,423/443,"C 41%, A 25%, M 14%, L 7%, V 5%, Q 2%, T 1%, D <1%, G <1%, P <1%, I <1%, Y <1%, F <1%"
46,S,SER:45:A,-1.362,8,"(-1.565, -1.227, 9, 8)",b,,420/443,"S 83%, V 6%, R 4%, G 3%, A 2%, L <1%, C <1%, X <1%"
47,R,ARG:46:A,-1.544,9,"(-1.787, -1.473, 9, 9)",e,f,422/443,"T 78%, S 8%, F 6%, L 4%, V 2%, R <1%, C <1%"
48,F,PHE:47:A,-0.871,7,"(-1.148, -0.675, 8, 7)",b,,423/443,"F 60%, S 22%, R 6%, Y 5%, I 2%, V <1%, L <1%, G <1%, H <1%, C <1%, A <1%"
49,F,PHE:48:A,-1.371,8,"(-1.565, -1.227, 9, 8)",e,f,378/443,"K 94%, A 1%, D 1%, F <1%, L <1%, C <1%, H <1%, V <1%, M <1%, X <1%"
50,I,ILE:49:A,-0.436,6,"(-0.756, -0.22, 7, 6)",b,,378/443,"V 41%, I 17%, A 16%, G 8%, M 5%, F 4%, T 2%, L 1%, S <1%, P <1%"
51,A,ALA:50:A,0.263,5,"(-0.115, 0.554, 5, 4)",b,,379/443,"L 27%, M 24%, P 21%, F 10%, V 6%, I 4%, A 1%, H 1%, Y <1%"
52,A,ALA:51:A,-0.68,7,"(-0.993, -0.504, 7, 6)",b,,379/443,"L 44%, A 25%, N 21%, T 3%, S 2%, I <1%, H <1%, V <1%, P <1%"
53,A,ALA:52:A,-0.613,7,"(-0.915, -0.414, 7, 6)",b,,382/443,"A 52%, C 18%, S 12%, V 10%, T 2%, G 1%, L <1%, F <1%, M <1%"
54,A,ALA:53:A,-1.048,8,"(-1.306, -0.915, 8, 7)",b,,382/443,"A 49%, G 22%, L 18%, I 5%, P <1%, V <1%, M <1%, C <1%, S <1%, Q <1%"
55,A,ALA:54:A,-0.848,7,"(-1.148, -0.675, 8, 7)",b,,383/443,"A 61%, I 22%, V 4%, L 4%, M 1%, S 1%, K 1%, T 1%, P <1%, F <1%, G <1%, R <1%, Q <1%"
56,A,ALA:55:A,-1.046,8,"(-1.306, -0.837, 8, 7)",b,,383/443,"L 92%, F 3%, Y 1%, A 1%, S <1%, H <1%, P <1%, N <1%, Q <1%"
57,R,ARG:56:A,-0.115,5,"(-0.504, 0.117, 6, 5)",e,,379/443,"K 22%, E 19%, A 16%, S 15%, D 10%, H 6%, Q 5%, R 1%, T <1%, Y <1%, P <1%"
58,A,ALA:57:A,0.346,4,"(-0.115, 0.554, 5, 4)",e,,382/443,"Q 32%, R 31%, K 8%, L 6%, T 6%, A 4%, N 4%, H 1%, V 1%, D 1%, S <1%, M <1%, E <1%, G <1%, Y <1%"
59,E,GLU:58:A,0.174,5,"(-0.22, 0.392, 6, 4)",e,,384/443,"S 32%, V 21%, G 15%, I 6%, N 5%, K 4%, H 4%, A 2%, Q 1%, L 1%, E 1%, D <1%, M <1%, T <1%, R <1%"
60,A,ALA:59:A,-0.41,6,"(-0.756, -0.22, 7, 6)",e,,385/443,"D 27%, E 23%, V 13%, Q 9%, P 8%, K 5%, S 4%, A 4%, I 1%, R <1%, F <1%, M <1%, L <1%, T <1%"
61,E,GLU:60:A,1.393,3,"(0.738, 1.569, 4, 3)",e,,388/443,"A 25%, T 14%, I 11%, S 11%, Q 11%, V 7%, L 7%, Y 2%, G 1%, K 1%, D 1%, R 1%, H <1%, E <1%, P <1%"
62,G,GLY:61:A,1.026,3,"(0.554, 1.221, 4, 3)",e,,341/443,"G 29%, Q 23%, K 14%, E 8%, D 7%, T 5%, N 3%, R 2%, H 1%, L <1%, P <1%, S <1%, V <1%, M <1%, A <1%"
63,P,PRO:62:A,2.805,1,"(1.569, 3.389, 3, 1)",e,,256/443,"K 30%, Q 20%, A 13%, P 12%, D 7%, T 4%, E 3%, V 2%, N 1%, Y 1%, R <1%, S <1%, L <1%, G <1%, H <1%"
64,E,GLU:63:A,0.865,4,"(0.392, 1.221, 4, 3)",e,,364/443,"E 30%, N 13%, Q 13%, G 11%, D 9%, T 5%, H 3%, P 3%, A 3%, L 2%, S 1%, I 1%, V <1%, K <1%, R <1%"
65,W,TRP:64:A,1.101,3,"(0.554, 1.569, 4, 3)",e,,436/443,"L 28%, W 18%, Q 17%, A 9%, D 5%, H 4%, R 3%, K 3%, N 2%, Y 1%, S 1%, G 1%, E <1%, I <1%, V <1%, F <1%"
66,W,TRP:65:A,-0.794,7,"(-1.071, -0.591, 8, 6)",e,,422/443,"L 61%, D 22%, P 8%, G 2%, K 1%, E <1%, I <1%, S <1%, M <1%, V <1%, W <1%, R <1%"
67,D,ASP:66:A,-0.007,5,"(-0.414, 0.248, 6, 5)",e,,422/443,"G 35%, N 34%, D 19%, E 4%, Q 2%, K <1%, S <1%, Y <1%, W <1%, T <1%, L <1%, F <1%"
68,R,ARG:67:A,0.27,5,"(-0.115, 0.554, 5, 4)",e,,437/443,"Q 30%, R 22%, K 17%, V 12%, T 8%, E 2%, L 2%, S 1%, A <1%, I <1%, D <1%, M <1%, N <1%"
69,V,VAL:68:A,1.151,3,"(0.554, 1.569, 4, 3)",e,,437/443,"R 29%, P 23%, K 16%, W 10%, T 6%, L 5%, V 1%, D 1%, E 1%, F <1%, Y <1%, N <1%, Q <1%, S <1%, I <1%, H <1%, A <1%"
70,V,VAL:69:A,-0.14,5,"(-0.504, 0.117, 6, 5)",e,,437/443,"I 35%, V 25%, R 16%, Q 6%, S 4%, L 4%, A 2%, Y 1%, G 1%, M <1%, K <1%, T <1%, E <1%, D <1%, P <1%"
71,R,ARG:70:A,1.474,3,"(0.738, 2.087, 4, 2)",e,,397/443,"H 32%, E 19%, T 13%, R 8%, D 5%, A 5%, Y 3%, S 2%, P 2%, F 1%, V <1%, N <1%, K <1%, C <1%, I <1%, L <1%, Q <1%"
72,V,VAL:71:A,-0.63,7,"(-0.993, -0.414, 7, 6)",b,,359/443,"Y 48%, I 32%, T 11%, V 3%, E 1%, S 1%, A <1%, P <1%, L <1%, W <1%"
73,T,THR:72:A,2.419,1,"(1.569, 3.389, 3, 1)",e,,398/443,"S 22%, K 21%, T 13%, G 12%, A 6%, R 5%, N 4%, D 3%, V 2%, L 2%, P 1%, E 1%, H <1%, F <1%, Q <1%, Y <1%"
74,E,GLU:73:A,1.424,3,"(0.738, 1.569, 4, 3)",e,,439/443,"K 21%, Q 15%, P 12%, Y 8%, S 5%, M 5%, F 5%, I 5%, R 4%, T 4%, D 2%, N 2%, E 1%, A 1%, H <1%, G <1%, L <1%, C <1%, W <1%"
75,E,GLU:74:A,1.425,3,"(0.738, 1.569, 4, 3)",e,,443/443,"A 23%, N 16%, D 14%, S 8%, Q 7%, K 7%, L 6%, E 5%, P 4%, R 3%, T 1%, G <1%, Y <1%, F <1%"
76,D,ASP:75:A,0.617,4,"(0.117, 0.955, 5, 4)",e,,443/443,"D 58%, A 10%, S 6%, Q 4%, T 4%, M 4%, E 3%, N 2%, K 1%, V 1%, P <1%, F <1%, G <1%, I <1%"
77,C,CYS:76:A,-0.097,5,"(-0.504, 0.117, 6, 5)",b,,443/443,"L 52%, W 23%, I 10%, M 7%, F 2%, V 2%, C <1%, D <1%, H <1%, Y <1%, K <1%"
78,V,VAL:77:A,-0.572,6,"(-0.915, -0.319, 7, 6)",e,,108/443,"N 38%, E 35%, L 8%, A 4%, K 2%, D 2%, R 1%, S 1%, P 1%, V <1%, T <1%"
79,H,HIS:78:A,0.341,4,"(-0.22, 0.738, 6, 4)",e,,118/443,"R 38%, K 31%, Q 12%, L 5%, A 3%, H 2%, S 2%, N 1%, Y <1%, G <1%, D <1%"
80,P,PRO:79:A,-0.988,7,"(-1.306, -0.756, 8, 7)",e,,118/443,"D 63%, P 22%, N 6%, T 2%, Q 2%, S <1%, K <1%"
81,R,ARG:80:A,0.855,4,"(0.392, 1.221, 4, 3)",e,,443/443,"V 53%, L 7%, M 6%, H 6%, P 6%, R 4%, D 2%, E 2%, N 2%, G 1%, T 1%, Q 1%, F 1%, S <1%, I <1%, Y <1%, A <1%"
82,G,GLY:81:A,2.964,1,"(1.569, 3.389, 3, 1)",e,,333/443,"N 28%, E 18%, G 13%, P 8%, D 8%, S 7%, A 4%, T 3%, R 2%, K 1%, V <1%, Y <1%, F <1%, Q <1%"
83,A,ALA:82:A,0.667,4,"(0.117, 0.955, 5, 4)",e,,315/443,"Y 62%, W 16%, F 8%, I 6%, H 4%, A <1%, N <1%, T <1%"
84,E,GLU:83:A,-0.642,7,"(-0.915, -0.414, 7, 6)",e,,354/443,"S 51%, N 24%, A 9%, G 8%, Q 1%, T 1%, P <1%, E <1%, D <1%, M <1%"
85,V,VAL:84:A,-1.347,8,"(-1.667, -1.148, 9, 8)",e,f,354/443,"P 86%, A 7%, V 5%, L <1%, G <1%"
86,L,LEU:85:A,-0.565,6,"(-0.915, -0.319, 7, 6)",b,,354/443,"I 41%, V 41%, Y 4%, L 4%, A 3%, F 3%, M <1%, Q <1%"
87,R,ARG:86:A,-0.622,7,"(-0.915, -0.414, 7, 6)",e,,310/443,"T 39%, A 32%, S 13%, L 4%, R 3%, Q 3%, M 1%, K <1%, P <1%, I <1%, D <1%"
88,E,GLU:87:A,-0.359,6,"(-0.756, -0.115, 7, 5)",e,,292/443,"E 82%, Q 6%, K 3%, D 2%, S 1%, T 1%, R 1%, G <1%, P <1%, H <1%, A <1%"
89,R,ARG:88:A,-0.374,6,"(-0.756, -0.115, 7, 5)",e,,286/443,"K 81%, Q 8%, R 7%, A 1%, D 1%, L <1%"
90,G,GLY:89:A,0.9,4,"(0.392, 1.221, 4, 3)",e,,351/443,"T 22%, N 21%, G 15%, S 13%, D 9%, A 9%, Q 5%, P 1%, E <1%, H <1%, K <1%"
91,D,ASP:90:A,-0.644,7,"(-0.915, -0.414, 7, 6)",e,,347/443,"G 27%, D 22%, T 20%, N 17%, K 4%, H 3%, A 2%, E <1%, S <1%, C <1%, Q <1%"
92,G,GLY:91:A,0.186,5,"(-0.22, 0.554, 6, 4)",e,,357/443,"G 59%, T 26%, D 4%, H 2%, S 1%, V 1%, E 1%, L <1%, A <1%, N <1%, Y <1%, I <1%"
93,L,LEU:92:A,-1.314,8,"(-1.565, -1.148, 9, 8)",e,f,356/443,"M 72%, L 15%, I 4%, W 3%, Y 1%, F <1%, T <1%, V <1%, H <1%"
94,T,THR:93:A,-0.686,7,"(-0.915, -0.504, 7, 6)",e,,443/443,"T 67%, I 9%, S 6%, N 4%, D 2%, Y 2%, Q 2%, V 1%, R <1%, E <1%, L <1%, A <1%, K <1%"
95,V,VAL:94:A,-0.449,6,"(-0.756, -0.22, 7, 6)",e,,397/443,"E 64%, T 11%, Q 5%, G 4%, D 3%, A 2%, L 1%, S 1%, I 1%, V 1%, R <1%, M <1%, H <1%, Y <1%, F <1%"
96,G,GLY:95:A,-0.447,6,"(-0.837, -0.115, 7, 5)",e,,83/443,"P 53%, D 25%, K 6%, Q 4%, S 4%, G 2%, R 2%, E 1%"
97,E,GLU:96:A,-0.779,7,"(-1.148, -0.504, 8, 6)",b,,83/443,"V 59%, L 10%, I 9%, E 7%, Q 6%, K 2%, T 2%, A 1%, D 1%"
98,L,LEU:97:A,-0.452,6,"(-0.756, -0.22, 7, 6)",b,,443/443,"L 66%, A 14%, V 7%, R 3%, I 2%, C 1%, T 1%, Y 1%, G <1%, M <1%, Q <1%"
99,I,ILE:98:A,-0.238,6,"(-0.591, -0.004, 6, 5)",b,,443/443,"C 26%, S 24%, A 16%, V 16%, I 9%, L 3%, G 2%, D <1%, N <1%, E <1%, T <1%"
100,E,GLU:99:A,-0.618,7,"(-0.915, -0.414, 7, 6)",e,,443/443,"A 32%, P 14%, S 11%, V 9%, D 7%, E 6%, W 4%, Q 3%, L 3%, I 2%, K <1%, R <1%, F <1%, Y <1%"
101,L,LEU:100:A,-1.136,8,"(-1.388, -0.993, 8, 7)",b,,443/443,"A 62%, V 21%, S 5%, Y 4%, L 2%, N 2%, F <1%, I <1%, T <1%, H <1%"
102,M,MET:101:A,-1.062,8,"(-1.306, -0.915, 8, 7)",b,,356/443,"A 62%, T 23%, S 14%, M <1%, V <1%"
103,T,THR:102:A,-0.715,7,"(-0.993, -0.504, 7, 6)",b,,357/443,"L 31%, I 29%, H 19%, V 12%, M 4%, T <1%, G <1%, Q <1%, A <1%"
104,R,ARG:103:A,-0.985,7,"(-1.227, -0.837, 8, 7)",e,,357/443,"Q 38%, T 25%, A 12%, R 11%, F 6%, S 3%, I 1%, L <1%, E <1%, Y <1%, V <1%, G <1%"
105,R,ARG:104:A,-0.573,6,"(-0.915, -0.319, 7, 6)",b,,357/443,"Y 49%, H 21%, M 19%, L 4%, R 1%, T 1%, F <1%, A <1%, E <1%, I <1%, Q <1%, K <1%, S <1%"
106,G,GLY:105:A,-1.246,8,"(-1.473, -1.071, 9, 8)",e,f,357/443,"S 78%, Q 7%, D 4%, A 2%, L 1%, G <1%, F <1%, E <1%, I <1%, T <1%, V <1%, Y <1%"
107,G,GLY:106:A,-1.836,9,"(-2.215, -1.787, 9, 9)",e,f,357/443,"D 98%, G <1%, A <1%, C <1%, N <1%"
108,G,GLY:107:A,-1.492,9,"(-1.787, -1.388, 9, 8)",e,f,357/443,"N 73%, K 7%, G 5%, H 5%, R 5%, S 1%, Q <1%, A <1%"
109,T,THR:108:A,-0.987,7,"(-1.227, -0.837, 8, 7)",e,,357/443,"T 54%, A 15%, V 10%, M 7%, G 5%, S 4%, N 1%, P <1%, L <1%, C <1%"
110,A,ALA:109:A,-1.683,9,"(-1.968, -1.565, 9, 9)",b,s,357/443,"A 79%, G 20%, T <1%"
111,A,ALA:110:A,-1.093,8,"(-1.388, -0.915, 8, 7)",b,,357/443,"A 42%, M 22%, G 18%, T 3%, Q 3%, N 3%, P 2%, C 2%, S <1%"
112,N,ASN:111:A,-1.546,9,"(-1.787, -1.473, 9, 9)",b,s,443/443,"N 62%, Y 13%, M 6%, V 5%, F 4%, I 2%, S 2%, D 2%, L <1%"
113,A,ALA:112:A,-0.975,7,"(-1.227, -0.837, 8, 7)",e,,443/443,"L 39%, K 22%, Q 16%, D 9%, A 4%, I 2%, E 2%, M <1%, R <1%, S <1%"
114,V,VAL:113:A,-0.184,5,"(-0.504, -0.004, 6, 5)",b,,443/443,"L 57%, E 12%, A 7%, I 7%, V 4%, Q 4%, K 1%, R 1%, D <1%, W <1%, M <1%, Y <1%, S <1%"
115,L,LEU:114:A,-0.21,6,"(-0.591, -0.004, 6, 5)",b,,443/443,"L 60%, I 27%, F 8%, M 1%, V 1%, Y <1%, G <1%"
116,D,ASP:115:A,-0.103,5,"(-0.414, 0.117, 6, 5)",e,,397/443,"A 47%, T 14%, K 13%, R 8%, H 7%, N 2%, I 1%, Q 1%, E 1%, D 1%, S <1%, G <1%, L <1%, P <1%"
117,L,LEU:116:A,0.756,4,"(0.248, 0.955, 5, 4)",e,,443/443,"R 19%, Q 15%, T 15%, E 12%, A 12%, H 7%, D 5%, L 3%, K 2%, S 1%, Y 1%, F <1%, N <1%, G <1%, V <1%"
118,L,LEU:117:A,0.285,5,"(-0.115, 0.554, 5, 4)",e,,443/443,"L 30%, I 23%, A 10%, V 10%, R 8%, Q 5%, E 5%, K 2%, W 1%, D <1%, M <1%, H <1%, F <1%"
119,G,GLY:118:A,-1.095,8,"(-1.388, -0.915, 8, 7)",e,f,443/443,"G 74%, I 10%, V 5%, T 5%, S 2%, L 1%, N <1%, K <1%, D <1%"
120,G,GLY:119:A,-1.242,8,"(-1.565, -1.071, 9, 8)",e,f,442/443,"G 85%, I 7%, V 3%, D 1%, K <1%, T <1%, A <1%, N <1%, H <1%"
121,P,PRO:120:A,-0.806,7,"(-1.071, -0.591, 8, 6)",e,,443/443,"P 61%, A 16%, E 10%, L 5%, I 2%, T <1%, K <1%, D <1%, Q <1%, M <1%, S <1%, H <1%"
122,E,GLU:121:A,0.468,4,"(-0.004, 0.738, 5, 4)",e,,443/443,"A 24%, K 19%, G 16%, T 11%, E 9%, D 5%, V 4%, Q 2%, P 1%, N 1%, R <1%, H <1%, S <1%, I <1%, L <1%"
123,A,ALA:122:A,0.493,4,"(-0.004, 0.738, 5, 4)",e,,443/443,"G 29%, R 11%, E 11%, Y 11%, A 8%, K 8%, S 7%, L 5%, V 4%, N <1%, W <1%, I <1%, T <1%, M <1%, Q <1%"
124,V,VAL:123:A,-0.367,6,"(-0.675, -0.115, 7, 5)",b,,443/443,"V 28%, L 28%, M 20%, A 11%, F 6%, T 1%, I 1%, Y 1%, S <1%, G <1%"
125,N,ASN:124:A,-1.101,8,"(-1.306, -0.993, 8, 7)",e,f,443/443,"T 54%, S 11%, Q 10%, K 7%, N 7%, A 4%, E 1%, H 1%, V <1%, R <1%"
126,A,ALA:125:A,0.883,4,"(0.392, 1.221, 4, 3)",e,,443/443,"A 50%, K 18%, Q 6%, G 5%, N 4%, P 4%, S 2%, D 2%, R 1%, E 1%, T <1%, H <1%, M <1%, L <1%"
127,F,PHE:126:A,-0.276,6,"(-0.591, -0.004, 6, 5)",b,,443/443,"F 46%, Y 16%, L 8%, E 7%, M 4%, A 3%, S 2%, R 2%, I 1%, W 1%, H <1%, D <1%, P <1%, K <1%, G <1%, V <1%"
128,L,LEU:127:A,-0.933,7,"(-1.227, -0.756, 8, 7)",b,,443/443,"L 43%, A 22%, M 7%, S 6%, V 6%, T 5%, F 2%, E 2%, I 2%, K <1%, R <1%, P <1%"
129,K,LYS:128:A,-0.454,6,"(-0.756, -0.22, 7, 6)",e,,443/443,"R 51%, H 16%, K 14%, N 8%, D 3%, S 2%, Q 1%, A <1%, T <1%, V <1%, E <1%, L <1%"
130,S,SER:129:A,-0.254,6,"(-0.591, -0.004, 6, 5)",e,,443/443,"S 23%, A 20%, Q 16%, K 11%, N 10%, R 8%, E 3%, D 2%, T 1%, V <1%, G <1%, H <1%, I <1%"
131,Q,GLN:130:A,-0.374,6,"(-0.675, -0.115, 7, 5)",b,,443/443,"I 37%, L 31%, M 11%, F 10%, V 6%, E <1%, S <1%, D <1%, A <1%, Q <1%, P <1%"
132,G,GLY:131:A,-0.435,6,"(-0.756, -0.22, 7, 6)",e,,443/443,"G 67%, A 9%, D 6%, S 5%, L 3%, N 2%, K 2%, Q <1%, V <1%, R <1%, T <1%, H <1%"
133,D,ASP:132:A,-1.123,8,"(-1.388, -0.993, 8, 7)",e,f,443/443,"D 62%, Y 15%, P 6%, F 3%, E 3%, L 3%, M 1%, V 1%, I <1%, K <1%, R <1%, A <1%"
134,T,THR:133:A,0.744,4,"(0.248, 0.955, 5, 4)",e,,443/443,"E 22%, G 19%, T 12%, H 10%, A 7%, K 6%, N 6%, Q 6%, S 2%, V 1%, R 1%, D 1%, L <1%, P <1%"
135,E,GLU:134:A,-0.637,7,"(-0.915, -0.504, 7, 6)",e,,443/443,"V 32%, T 26%, N 20%, E 11%, R 3%, D 1%, A 1%, K 1%, S 1%, M <1%, G <1%, I <1%, W <1%"
136,I,ILE:135:A,-0.571,6,"(-0.837, -0.414, 7, 6)",e,,443/443,"T 28%, F 27%, G 15%, S 8%, E 5%, Q 5%, A 3%, C 1%, M 1%, I 1%, N <1%, K <1%, L <1%, Y <1%, R <1%"
137,R,ARG:136:A,0.017,5,"(-0.319, 0.248, 6, 5)",e,,427/443,"R 57%, N 16%, D 10%, M 5%, E 2%, K 1%, L 1%, Q <1%, A <1%, S <1%, T <1%, V <1%, I <1%, Y <1%"
138,I,ILE:137:A,-0.649,7,"(-0.915, -0.414, 7, 6)",e,,427/443,"L 56%, I 19%, V 8%, P 7%, E 3%, S 1%, A <1%, K <1%, F <1%, M <1%, Y <1%"
139,T,THR:138:A,-0.762,7,"(-1.071, -0.591, 8, 6)",e,,443/443,"D 56%, S 14%, G 9%, A 6%, V 5%, E 2%, I 2%, K 1%, T <1%, P <1%, Q <1%"
140,K,LYS:139:A,-0.792,7,"(-1.071, -0.591, 8, 6)",e,,441/443,"R 57%, A 13%, G 11%, P 4%, T 4%, S 3%, K 1%, N 1%, Q 1%, E <1%, H <1%, D <1%"
141,R,ARG:140:A,1.692,2,"(0.955, 2.087, 4, 2)",e,,443/443,"W 24%, T 21%, Q 10%, N 7%, G 6%, E 6%, K 4%, Y 3%, F 3%, I 2%, D 2%, R 1%, H 1%, S 1%, L 1%, A 1%"
142,Y,TYR:141:A,-0.246,6,"(-0.591, -0.004, 6, 5)",e,,440/443,"E 55%, H 10%, V 9%, I 6%, A 5%, D 4%, L 3%, N 1%, Q 1%, Y 1%, K <1%, C <1%, S <1%, M <1%"
143,P,PRO:142:A,0.021,5,"(-0.319, 0.248, 6, 5)",e,,440/443,"P 44%, D 16%, S 11%, L 9%, T 8%, I 2%, N 1%, A 1%, F 1%, G 1%, E <1%, V <1%, K <1%, Y <1%"
144,E,GLU:143:A,-0.164,5,"(-0.504, -0.004, 6, 5)",e,,439/443,"E 42%, T 17%, L 10%, S 5%, K 4%, N 4%, H 3%, Q 3%, D 2%, A 1%, G 1%, R <1%, I <1%, M <1%, V <1%"
145,M,MET:144:A,-0.817,7,"(-1.148, -0.591, 8, 6)",b,,394/443,"L 67%, F 22%, M 5%, S 1%, A 1%, Y 1%, E <1%, G <1%, V <1%, I <1%"
146,L,LEU:145:A,-0.758,7,"(-1.071, -0.591, 8, 6)",e,,396/443,"N 65%, W 21%, G 5%, H 2%, A 1%, S 1%, F <1%, Q <1%, L <1%, M <1%, D <1%, R <1%, E <1%"
147,E,GLU:146:A,0.057,5,"(-0.319, 0.248, 6, 5)",e,,394/443,"T 24%, E 24%, L 20%, S 9%, D 5%, R 5%, Y 3%, A 1%, I 1%, N <1%, K <1%, G <1%, P <1%, V <1%"
148,G,GLY:147:A,-0.192,5,"(-0.504, -0.004, 6, 5)",e,,395/443,"A 54%, D 12%, V 8%, E 8%, G 4%, Y 3%, N 3%, K 1%, S 1%, Q 1%, L <1%, F <1%, T <1%, W <1%"
149,S,SER:148:A,-0.338,6,"(-0.915, -0.004, 7, 5)",e,,101/443,"G 65%, S 18%, D 4%, W 3%, N 1%, A 1%, R <1%, L <1%, Q <1%"
150,G,GLY:149:A,-0.981,7,"(-1.306, -0.756, 8, 7)",e,,99/443,"P 27%, G 23%, Q 22%, S 22%, N 3%, K 1%, D 1%"
151,V,VAL:150:A,-0.166,5,"(-0.591, 0.117, 6, 5)",e,,370/443,"I 52%, L 23%, P 5%, N 3%, T 3%, S 3%, V 2%, A 2%, K 2%, E <1%, D <1%, H <1%"
152,P,PRO:151:A,-1.022,8,"(-1.388, -0.756, 8, 7)",e,f,274/443,"P 97%, L 1%, K <1%, A <1%, H <1%"
153,G,GLY:152:A,-0.378,6,"(-0.915, -0.004, 7, 5)",e,,275/443,"G 77%, N 17%, K 4%, H <1%, R <1%, D <1%"
154,D,ASP:153:A,-1.071,8,"(-1.388, -0.837, 8, 7)",e,f,286/443,"D 86%, E 5%, S 4%, Q 2%, G <1%, R <1%, T <1%"
155,T,THR:154:A,2.674,1,"(1.569, 3.389, 3, 1)",e,,286/443,"P 31%, E 29%, A 14%, L 6%, K 5%, T 4%, Y 2%, D 2%, I 1%, V <1%, M <1%, N <1%"
156,D,ASP:155:A,-0.591,6,"(-0.993, -0.319, 7, 6)",e,,283/443,"R 85%, Q 5%, K 4%, T 1%, L 1%, D <1%, E <1%, H <1%, G <1%, I <1%"
157,D,ASP:156:A,-1.47,9,"(-1.787, -1.306, 9, 8)",e,f,283/443,"D 95%, N 4%, Y <1%"
158,T,THR:157:A,-1.295,8,"(-1.565, -1.148, 9, 8)",e,f,369/443,"T 75%, R 11%, K 7%, Q 2%, W 2%, A <1%, S <1%"
159,G,GLY:158:A,-1.414,8,"(-1.667, -1.306, 9, 8)",e,f,372/443,"T 56%, I 21%, S 19%, V 1%, G <1%, A <1%"
160,T,THR:159:A,-1.135,8,"(-1.388, -0.993, 8, 7)",e,f,389/443,"T 57%, S 30%, M 7%, I 2%, L 1%, N <1%, P <1%, E <1%, A <1%"
161,A,ALA:160:A,-1.016,7,"(-1.306, -0.837, 8, 7)",e,,393/443,"P 79%, A 15%, T 2%, M 1%, Y <1%, N <1%, K <1%, S <1%"
162,G,GLY:161:A,2.028,2,"(1.221, 2.087, 3, 2)",e,,393/443,"R 27%, A 20%, V 11%, K 6%, T 5%, L 5%, H 5%, I 4%, F 2%, Y 2%, Q 2%, D 1%, E 1%, M <1%, N <1%, G <1%"
163,A,ALA:162:A,-1.231,8,"(-1.473, -1.071, 9, 8)",b,,393/443,"A 66%, E 10%, Q 6%, N 4%, S 4%, P 4%, T <1%, L <1%, D <1%, G <1%"
164,M,MET:163:A,-0.932,7,"(-1.148, -0.756, 8, 7)",b,,393/443,"M 47%, Q 16%, V 8%, I 7%, E 6%, L 4%, P 4%, F 3%, A 1%, T 1%, G <1%, Y <1%"
165,A,ALA:164:A,-0.664,7,"(-0.915, -0.504, 7, 6)",b,,393/443,"A 61%, V 18%, I 7%, T 6%, G 3%, L 1%, S <1%, K <1%, E <1%"
166,D,ASP:165:A,1.308,3,"(0.738, 1.569, 4, 3)",e,,393/443,"Q 24%, T 18%, E 14%, A 12%, S 6%, K 6%, L 6%, N 4%, R 4%, G 1%, D 1%, V <1%"
167,A,ALA:166:A,-0.423,6,"(-0.756, -0.22, 7, 6)",b,,393/443,"T 48%, F 20%, S 15%, V 7%, A 3%, D 1%, L 1%, N 1%, G <1%, K <1%, I <1%"
168,L,LEU:167:A,-0.597,6,"(-0.915, -0.414, 7, 6)",b,,393/443,"L 78%, V 7%, D 4%, A 4%, M 3%, I 1%, Y <1%, G <1%"
169,A,ALA:168:A,0.591,4,"(0.117, 0.955, 5, 4)",e,,393/443,"R 52%, Q 17%, K 6%, E 5%, N 4%, A 4%, D 2%, S 2%, Y 1%, M 1%, G <1%, H <1%, I <1%, V <1%"
170,K,LYS:169:A,0.14,5,"(-0.22, 0.392, 6, 4)",e,,393/443,"K 47%, Q 18%, N 7%, A 6%, S 4%, R 3%, D 3%, T 2%, I 2%, L 1%, V 1%, E 1%, H <1%, G <1%"
171,M,MET:170:A,-0.455,6,"(-0.756, -0.22, 7, 6)",b,,393/443,"L 81%, F 6%, V 5%, I 3%, A 1%, Y 1%, M <1%"
172,L,LEU:171:A,0.606,4,"(0.117, 0.955, 5, 4)",b,,393/443,"T 28%, L 25%, Y 12%, A 11%, V 7%, I 4%, M 2%, F 2%, H 1%, Q 1%, E <1%, S <1%, R <1%, K <1%, D <1%, N <1%"
173,F,PHE:172:A,0.447,4,"(-0.004, 0.738, 5, 4)",e,,393/443,"L 46%, T 17%, H 9%, D 5%, A 3%, F 3%, Y 2%, E 2%, N 2%, K 2%, V 1%, Q 1%, R <1%, S <1%, G <1%"
174,G,GLY:173:A,-0.1,5,"(-0.504, 0.117, 6, 5)",e,,393/443,"G 66%, N 17%, E 4%, S 4%, K 2%, D 1%, T 1%, H <1%, R <1%, Q <1%, A <1%"
175,D,ASP:174:A,0.125,5,"(-0.22, 0.392, 6, 4)",e,,393/443,"K 19%, E 18%, D 14%, H 12%, N 9%, Q 7%, S 6%, G 6%, R 2%, T 1%, P <1%"
176,F,PHE:175:A,-0.038,5,"(-0.414, 0.248, 6, 5)",e,,393/443,"A 41%, L 33%, K 6%, V 6%, R 4%, T 2%, Q 2%, I 1%, F <1%, S <1%, G <1%, Y <1%"
177,S,SER:176:A,-1.146,8,"(-1.388, -0.993, 8, 7)",b,,393/443,"L 72%, F 10%, V 9%, A 5%, I 2%, W 1%, S <1%"
178,P,PRO:177:A,-0.05,5,"(-0.414, 0.248, 6, 5)",e,,393/443,"S 28%, G 20%, T 18%, A 10%, P 10%, K 5%, D 2%, H 1%, Q 1%, R <1%, N <1%, E <1%"
179,E,GLU:178:A,2.648,1,"(1.569, 3.389, 3, 1)",e,,393/443,"E 25%, L 16%, A 13%, K 12%, P 11%, S 5%, D 3%, V 3%, Q 1%, T 1%, N 1%, Y 1%, G <1%, R <1%"
180,A,ALA:179:A,1.272,3,"(0.738, 1.569, 4, 3)",e,,394/443,"T 19%, A 19%, E 16%, R 10%, P 8%, D 6%, G 5%, S 4%, K 4%, V 1%, N 1%, Q <1%, H <1%, M <1%, Y <1%"
181,R,ARG:180:A,-0.536,6,"(-0.837, -0.319, 7, 6)",e,,396/443,"S 31%, Q 29%, N 9%, K 9%, G 4%, T 3%, V 3%, H 2%, A 1%, E 1%, D 1%, P <1%, R <1%, I <1%, Y <1%"
182,A,ALA:181:A,-0.417,6,"(-0.756, -0.22, 7, 6)",e,,396/443,"R 57%, Q 22%, K 4%, I 4%, T 3%, M 1%, V 1%, Y 1%, L 1%, E <1%, A <1%, C <1%, N <1%"
183,R,ARG:182:A,1.667,2,"(0.955, 2.087, 4, 2)",e,,423/443,"A 30%, Q 21%, R 9%, T 8%, E 7%, K 5%, L 4%, D 3%, H 3%, N 1%, V 1%, G <1%, S <1%, Y <1%, M <1%"
184,L,LEU:183:A,-0.258,6,"(-0.591, -0.004, 6, 5)",e,,423/443,"Q 48%, I 13%, L 13%, F 12%, E 3%, T 3%, N 2%, K 1%, M <1%, V <1%, R <1%, Y <1%, H <1%, A <1%"
185,R,ARG:184:A,-1.179,8,"(-1.473, -0.993, 9, 7)",b,,423/443,"L 59%, V 17%, A 7%, F 6%, T 5%, I 2%, K <1%, Y <1%, R <1%, D <1%, M <1%"
186,R,ARG:185:A,0.378,4,"(-0.004, 0.554, 5, 4)",e,,423/443,"V 26%, K 17%, I 16%, A 12%, L 8%, T 6%, R 3%, E 3%, Q 1%, N 1%, M 1%, W <1%, S <1%"
187,G,GLY:186:A,1.017,3,"(0.554, 1.221, 4, 3)",e,,439/443,"D 34%, T 18%, Q 9%, N 8%, E 8%, K 5%, R 5%, H 3%, A 2%, S 1%, I 1%, G <1%, V <1%, Y <1%"
188,L,LEU:187:A,-0.274,6,"(-0.675, -0.004, 7, 5)",b,,419/443,"W 62%, A 11%, G 9%, M 6%, I 4%, L 4%, T <1%, V <1%, N <1%, H <1%, F <1%, Y <1%"
189,A,ALA:188:A,-0.984,7,"(-1.227, -0.837, 8, 7)",b,,419/443,"M 47%, L 44%, W 6%, F <1%, V <1%, A <1%, E <1%, T <1%"
190,G,GLY:189:A,1.682,2,"(0.955, 2.087, 4, 2)",e,,375/443,"K 35%, L 16%, E 13%, V 11%, I 8%, A 6%, R 2%, Y 1%, F 1%, Q 1%, T <1%, S <1%, P <1%, G <1%"
191,E,GLU:190:A,-0.223,6,"(-0.675, 0.117, 7, 5)",e,,286/443,"G 49%, A 21%, R 11%, D 8%, N 5%, E 3%"
192,G,GLY:191:A,-1.647,9,"(-1.968, -1.565, 9, 9)",e,f,286/443,"N 72%, D 23%, T 2%, G <1%, C <1%, K <1%, S <1%"
193,D,ASP:192:A,-0.193,5,"(-0.591, 0.117, 6, 5)",e,,286/443,"T 55%, K 28%, R 5%, Q 5%, A 1%, P 1%, E <1%, D <1%, S <1%, N <1%"
194,A,ALA:193:A,-1.462,9,"(-1.787, -1.306, 9, 8)",e,f,284/443,"T 69%, V 24%, S 3%, A <1%, N <1%, P <1%, Q <1%, X <1%"
195,G,GLY:194:A,-1.049,8,"(-1.388, -0.837, 8, 7)",e,f,286/443,"G 74%, A 23%, S 1%, T <1%, N <1%"
196,G,GLY:195:A,0.673,4,"(0.117, 0.955, 5, 4)",e,,285/443,"A 30%, G 28%, D 23%, N 9%, S 4%, P 2%, L <1%, K <1%"
197,G,GLY:196:A,1.567,3,"(0.738, 2.087, 4, 2)",e,,285/443,"A 41%, P 23%, K 13%, H 8%, T 5%, Q 2%, N 2%, D 1%, G <1%, S <1%, E <1%, R <1%"
198,R,ARG:197:A,-0.302,6,"(-1.306, 0.248, 8, 5)",e,,1/443,R
199,A,ALA:198:A,-0.573,6,"(-0.915, -0.319, 7, 6)",e,,286/443,"L 36%, S 29%, R 27%, T 4%, C 1%, A <1%, K <1%"
200,G,GLY:199:A,-0.826,7,"(-1.148, -0.591, 8, 6)",b,,286/443,"I 69%, L 28%, M <1%, G <1%, F <1%, V <1%"
201,V,VAL:200:A,-0.436,6,"(-0.756, -0.22, 7, 6)",e,,334/443,"R 74%, I 6%, K 5%, Q 5%, L 2%, V 2%, M <1%, A <1%, S <1%, N <1%, Y <1%, G <1%"
202,G,GLY:201:A,-1.223,8,"(-1.473, -1.071, 9, 8)",e,f,375/443,"A 51%, S 18%, T 11%, E 5%, D 4%, K 2%, G 2%, Q <1%, F <1%, P <1%, H <1%, R <1%"
203,A,ALA:202:A,0.259,5,"(-0.22, 0.554, 6, 4)",e,,374/443,"G 45%, A 21%, E 17%, V 7%, S 1%, L 1%, K 1%, Y <1%, D <1%, R <1%, P <1%, T <1%, C <1%, M <1%, Q <1%"
204,L,LEU:203:A,-0.057,5,"(-0.414, 0.248, 6, 5)",b,,375/443,"L 48%, V 22%, A 12%, F 8%, K 1%, N 1%, G 1%, S 1%, T <1%, R <1%, D <1%, M <1%"
205,P,PRO:204:A,-1.029,8,"(-1.306, -0.837, 8, 7)",e,f,375/443,"P 77%, N 10%, A 5%, D 3%, G 1%, R <1%, I <1%"
206,A,ALA:205:A,1.257,3,"(0.554, 1.569, 4, 3)",e,,343/443,"A 50%, T 14%, K 13%, G 6%, P 6%, D 5%, E 1%, S 1%, N <1%, R <1%, I <1%"
207,G,GLY:206:A,1.158,3,"(0.554, 1.569, 4, 3)",e,,375/443,"G 35%, D 29%, S 22%, E 6%, N 3%, H 2%, R <1%, T <1%"
208,V,VAL:207:A,-0.117,5,"(-0.504, 0.117, 6, 5)",b,,375/443,"W 70%, Y 17%, S 2%, T 2%, N 2%, I 1%, D <1%, V <1%, F <1%, Q <1%, E <1%, A <1%"
209,T,THR:208:A,1.306,3,"(0.738, 1.569, 4, 3)",e,,375/443,"F 17%, V 17%, T 14%, K 14%, I 8%, A 7%, L 5%, R 5%, E 4%, N 2%, S 1%, Q <1%, G <1%"
210,Y,TYR:209:A,-0.866,7,"(-1.148, -0.675, 8, 7)",b,,375/443,"V 61%, I 30%, L 4%, A 1%, F <1%, T <1%, Y <1%"
211,G,GLY:210:A,0.264,5,"(-0.115, 0.554, 5, 4)",b,,378/443,"G 39%, A 30%, Y 7%, R 6%, H 6%, I 5%, F 1%, N <1%, S <1%, D <1%, Q <1%"
212,A,ALA:211:A,-1.067,8,"(-1.388, -0.915, 8, 7)",e,f,378/443,"D 70%, A 10%, G 6%, S 5%, E 2%, H 2%, L <1%, Y <1%, N <1%, W <1%"
213,G,GLY:212:A,-1.586,9,"(-1.968, -1.473, 9, 9)",e,f,422/443,"G 89%, E 6%, S 4%, T <1%, D <1%, K <1%"
214,S,SER:213:A,-0.28,6,"(-0.591, -0.004, 6, 5)",e,,422/443,"S 25%, T 23%, A 23%, W 6%, P 6%, Y 5%, F 4%, Q 2%, G <1%, V <1%, M <1%, K <1%, D <1%"
215,N,ASN:214:A,1.245,3,"(0.554, 1.569, 4, 3)",e,,317/443,"G 44%, A 17%, S 17%, C 14%, N 2%, E 1%, R <1%, V <1%, H <1%, D <1%"
216,G,GLY:215:A,0.996,3,"(0.248, 1.569, 5, 3)",e,,91/443,"T 29%, D 24%, G 21%, F 14%, Y 5%, A 2%, R 1%, Q 1%"
217,F,PHE:216:A,1.913,2,"(0.955, 3.389, 4, 1)",e,,117/443,"A 35%, V 20%, M 14%, T 6%, D 5%, W 5%, F 2%, P 1%, S 1%, R 1%, G 1%, Q <1%, I <1%"
218,K,LYS:217:A,1.634,3,"(0.738, 2.087, 4, 2)",e,,118/443,"P 22%, G 22%, V 15%, D 7%, L 6%, E 5%, A 4%, K 3%, R 3%, N 3%, S 2%, F 1%, Q <1%, T <1%"
219,G,GLY:218:A,-0.537,6,"(-0.915, -0.22, 7, 6)",e,,246/443,"G 59%, P 20%, A 6%, F 5%, I 4%, C 1%, L <1%, S <1%, Q <1%"
220,Q,GLN:219:A,1.826,2,"(0.955, 2.087, 4, 2)",e,,357/443,"G 24%, D 23%, E 19%, V 8%, T 6%, S 5%, N 3%, M 2%, K 1%, I 1%, A <1%, Q <1%, R <1%, L <1%, H <1%, F <1%, P <1%"
221,F,PHE:220:A,-0.604,6,"(-0.915, -0.414, 7, 6)",e,,386/443,"Y 47%, R 17%, P 11%, T 11%, A 6%, H 1%, D 1%, K 1%, F <1%, M <1%, V <1%, C <1%, G <1%, E <1%"
222,G,GLY:221:A,-0.825,7,"(-1.148, -0.591, 8, 6)",e,,400/443,"G 78%, A 10%, R 5%, E 4%, D <1%, S <1%, T <1%, K <1%, I <1%"
223,A,ALA:222:A,-1.246,8,"(-1.473, -1.071, 9, 8)",e,f,400/443,"D 68%, I 17%, G 5%, T 2%, N 1%, K 1%, R 1%, A <1%, P <1%, W <1%, L <1%, V <1%"
224,L,LEU:223:A,0.162,5,"(-0.22, 0.392, 6, 4)",b,,400/443,"I 51%, N 12%, V 9%, Y 8%, P 5%, S 3%, A 3%, K 2%, T <1%, G <1%, C <1%, L <1%, M <1%, E <1%, H <1%, F <1%, D <1%"
225,A,ALA:224:A,-0.916,7,"(-1.148, -0.756, 8, 7)",b,,443/443,"A 57%, G 11%, I 6%, Q 6%, K 4%, L 4%, T 4%, V 2%, N <1%, P <1%, R <1%"
226,V,VAL:225:A,-0.321,6,"(-0.591, -0.115, 6, 5)",b,,443/443,"V 28%, I 26%, L 16%, G 13%, A 9%, F 2%, S 2%, T <1%"
227,L,LEU:226:A,-0.484,6,"(-0.837, -0.22, 7, 6)",b,,443/443,"W 63%, G 21%, Y 8%, K 2%, T 1%, L <1%, F <1%, I <1%, M <1%, R <1%"
228,T,THR:227:A,-0.474,6,"(-0.837, -0.22, 7, 6)",e,,443/443,"P 53%, W 9%, L 7%, I 6%, F 4%, S 4%, T 4%, V 3%, A 2%, K 1%, Y <1%, Q <1%, G <1%, E <1%"
229,Y,TYR:228:A,0.29,5,"(-0.115, 0.554, 5, 4)",e,,425/443,"P 22%, D 17%, V 16%, Q 10%, K 8%, T 8%, E 4%, N 3%, I 3%, L 1%, A 1%, C <1%, G <1%, Y <1%, X <1%"
230,K,LYS:229:A,0.135,5,"(-0.22, 0.392, 6, 4)",e,,353/443,"G 34%, E 23%, N 9%, T 7%, K 6%, D 6%, S 4%, A 3%, R 2%, V 1%, I <1%, Q <1%"
231,G,GLY:230:A,1.141,3,"(0.554, 1.569, 4, 3)",e,,277/443,"G 22%, Q 15%, T 11%, D 9%, K 8%, N 8%, L 8%, A 5%, R 3%, V 1%, S 1%, H 1%, E 1%, W <1%"
232,K,LYS:231:A,0.093,5,"(-0.319, 0.392, 6, 4)",e,,442/443,"A 36%, P 12%, D 8%, K 7%, N 7%, E 7%, V 7%, R 4%, S 2%, Q 2%, T 2%, Y <1%, H <1%, G <1%, L <1%"
233,K,LYS:232:A,-0.238,6,"(-0.591, -0.004, 6, 5)",e,,426/443,"P 46%, V 14%, S 11%, I 9%, K 4%, E 3%, D 2%, R 2%, T 1%, H 1%, L <1%, Q <1%, N <1%"
234,Y,TYR:233:A,-0.149,5,"(-0.504, 0.117, 6, 5)",b,,441/443,"L 28%, I 20%, Y 15%, R 14%, V 7%, A 6%, W 5%, F <1%, S <1%, M <1%"
235,V,VAL:234:A,-0.186,5,"(-0.504, -0.004, 6, 5)",b,,442/443,"V 39%, I 23%, F 19%, A 8%, Y 4%, P 2%, L 1%, T <1%, S <1%"
236,V,VAL:235:A,-0.572,6,"(-0.915, -0.319, 7, 6)",b,,442/443,"L 33%, V 25%, F 21%, G 11%, I 4%, Y 3%, M <1%"
237,V,VAL:236:A,-0.999,7,"(-1.227, -0.837, 8, 7)",b,,442/443,"V 40%, A 40%, G 11%, S 5%, T 1%, I <1%, F <1%"
238,V,VAL:237:A,-0.321,6,"(-0.675, -0.115, 7, 5)",b,,442/443,"V 24%, I 22%, T 19%, C 11%, L 5%, M 4%, F 4%, D 3%, A <1%, R <1%, S <1%, G <1%, N <1%, K <1%, H <1%"
239,G,GLY:238:A,-0.98,7,"(-1.227, -0.837, 8, 7)",b,,442/443,"Y 50%, N 16%, L 11%, M 6%, S 4%, A 4%, F 4%, K 1%, G <1%, H <1%, R <1%, I <1%, T <1%"
240,L,LEU:239:A,-0.336,6,"(-0.675, -0.115, 7, 5)",b,,442/443,"T 25%, F 19%, L 14%, M 12%, I 10%, S 10%, V 6%, Y 1%, R <1%, P <1%, G <1%"
241,E,GLU:240:A,0.221,5,"(-0.115, 0.392, 5, 4)",e,,442/443,"T 39%, D 17%, R 10%, S 7%, K 7%, E 5%, N 4%, A 1%, Y 1%, H 1%, Q 1%, L <1%, V <1%, I <1%, G <1%, M <1%"
242,N,ASN:241:A,0.684,4,"(0.248, 0.955, 5, 4)",e,,425/443,"Q 20%, D 14%, G 12%, M 11%, A 11%, R 9%, E 5%, I 4%, K 4%, P 1%, N <1%, T <1%, S <1%, H <1%, V <1%"
243,P,PRO:242:A,1.292,3,"(0.738, 1.569, 4, 3)",e,,422/443,"P 35%, S 24%, D 11%, A 6%, T 6%, K 4%, R 3%, L 3%, G 1%, E <1%, V <1%, N <1%, Q <1%, H <1%, F <1%, I <1%"
244,T,THR:243:A,1.17,3,"(0.554, 1.569, 4, 3)",e,,419/443,"Q 30%, N 16%, K 13%, S 8%, E 7%, T 6%, G 5%, P 4%, D 2%, A 2%, R <1%, L <1%, V <1%, I <1%"
245,T,THR:244:A,1.209,3,"(0.554, 1.569, 4, 3)",e,,180/443,"A 22%, G 21%, E 18%, S 13%, R 9%, K 5%, T 2%, P 1%, N 1%, D 1%, V 1%, H <1%, L <1%"
246,P,PRO:245:A,-0.505,6,"(-1.071, -0.115, 8, 5)",e,,23/443,"Q 39%, P 21%, K 21%, R 17%"
247,L,LEU:246:A,0.855,4,"(0.248, 1.221, 5, 3)",e,,296/443,"A 24%, Q 21%, K 19%, L 10%, P 7%, Y 7%, R 3%, V 3%, F 1%, E <1%, I <1%"
248,T,THR:247:A,0.867,4,"(0.248, 1.221, 5, 3)",e,,305/443,"D 27%, N 20%, T 16%, S 15%, K 11%, G 3%, E 1%, Q 1%, A <1%, H <1%, V <1%"
249,P,PRO:248:A,-0.101,5,"(-0.504, 0.117, 6, 5)",e,,304/443,"A 50%, M 23%, D 12%, N 4%, S 3%, L <1%, E <1%, G <1%, Y <1%, T <1%, P <1%, R <1%, Q <1%"
250,A,ALA:249:A,1.158,3,"(0.554, 1.569, 4, 3)",e,,280/443,"E 38%, D 22%, K 15%, A 8%, P 4%, V 3%, Q 2%, R 2%, T 1%, I <1%, S <1%, H <1%, N <1%"
251,D,ASP:250:A,1.159,3,"(0.554, 1.569, 4, 3)",e,,369/443,"E 25%, S 20%, P 9%, K 7%, Y 5%, A 5%, T 4%, M 4%, N 4%, R 3%, H 2%, D 1%, I 1%, Q 1%, V 1%, W <1%, L <1%, G <1%"
252,A,ALA:251:A,0.216,5,"(-0.22, 0.554, 6, 4)",e,,414/443,"R 48%, S 14%, G 6%, D 6%, N 5%, K 5%, Y 4%, P 2%, I 1%, L <1%, Q <1%, E <1%, H <1%, A <1%, T <1%, F <1%"
253,A,ALA:252:A,0.432,4,"(-0.004, 0.738, 5, 4)",e,,418/443,"N 19%, L 18%, D 16%, R 16%, E 7%, A 7%, P 4%, G 3%, T 1%, K 1%, S <1%, I <1%, V <1%, Q <1%"
254,A,ALA:253:A,0.784,4,"(0.248, 1.221, 5, 3)",e,,442/443,"D 20%, G 18%, A 15%, R 11%, K 7%, P 5%, S 5%, Q 4%, E 3%, T 2%, H 1%, L <1%, M <1%, F <1%, N <1%"
255,A,ALA:254:A,0.428,4,"(-0.004, 0.738, 5, 4)",b,,442/443,"V 28%, L 28%, Q 14%, N 10%, I 9%, A 2%, Y 1%, P 1%, T <1%, K <1%, R <1%, S <1%, F <1%"
256,L,LEU:255:A,-0.883,7,"(-1.148, -0.756, 8, 7)",b,,442/443,"I 39%, L 32%, R 14%, V 8%, K 1%, A 1%, G <1%, S <1%, T <1%"
257,A,ALA:256:A,-0.603,6,"(-0.915, -0.414, 7, 6)",e,,413/443,"A 69%, G 7%, Q 5%, K 5%, E 3%, S 2%, V 1%, D <1%, I <1%, R <1%, L <1%, P <1%, F <1%"
258,R,ARG:257:A,0.143,5,"(-0.22, 0.392, 6, 4)",e,,405/443,"E 28%, S 25%, D 18%, A 18%, G 3%, K 2%, Q 2%, R 1%, T <1%"
259,V,VAL:258:A,-1.384,8,"(-1.667, -1.227, 9, 8)",b,,345/443,"A 64%, I 22%, V 8%, T 3%, F <1%, L <1%"
260,C,CYS:259:A,-0.142,5,"(-0.504, 0.117, 6, 5)",b,,345/443,"A 47%, G 24%, D 11%, T 6%, S 3%, N 2%, R 2%, C 1%, K <1%"
261,A,ALA:260:A,0.351,4,"(-0.115, 0.554, 5, 4)",e,,380/443,"R 26%, K 23%, A 18%, T 12%, L 4%, N 4%, Q 4%, E 2%, I 1%, M <1%, V <1%, D <1%, H <1%, S <1%"
262,A,ALA:261:A,0.713,4,"(0.248, 0.955, 5, 4)",e,,380/443,"I 28%, S 17%, E 14%, A 12%, L 10%, V 6%, C 5%, N 2%, Q 1%, D <1%, K <1%, T <1%"
263,L,LEU:262:A,-0.074,5,"(-0.414, 0.117, 6, 5)",b,,421/443,"I 31%, V 24%, L 18%, A 12%, H 6%, E 4%, F 1%, T <1%, S <1%"
264,E,GLU:263:A,1.065,3,"(0.554, 1.569, 4, 3)",b,,442/443,"T 19%, A 19%, I 16%, L 11%, Y 10%, W 6%, M 4%, P 4%, V 3%, F 1%, S <1%, R <1%, D <1%, E <1%"
265,D,ASP:264:A,1.029,3,"(0.554, 1.221, 4, 3)",e,,441/443,"E 23%, K 23%, A 7%, R 7%, D 7%, T 5%, P 4%, G 4%, Q 4%, Y 3%, H 2%, I 1%, M 1%, S <1%, N <1%, L <1%, V <1%"
266,L,LEU:265:A,1.715,2,"(0.955, 2.087, 4, 2)",e,,441/443,"G 23%, A 16%, H 16%, K 9%, E 7%, V 4%, T 3%, L 3%, D 3%, R 3%, N 2%, S 1%, Y 1%, Q <1%, F <1%, I <1%, M <1%, W <1%"
267,L,LEU:266:A,0.251,5,"(-0.115, 0.554, 5, 4)",e,,433/443,"L 31%, S 18%, W 15%, I 11%, F 9%, V 6%, T 2%, Y 1%, E <1%, A <1%, K <1%, M <1%, G <1%"
268,A,ALA:267:A,2.429,1,"(1.569, 3.389, 3, 1)",e,,300/443,"L 23%, A 18%, G 10%, V 7%, N 7%, I 6%, M 6%, F 6%, Q 5%, K 2%, T 1%, R 1%, H 1%, P <1%, S <1%, D <1%"
269,N,ASN:268:A,0.328,5,"(-0.115, 0.554, 5, 4)",e,,244/443,"K 23%, R 20%, E 20%, A 9%, V 5%, S 5%, M 3%, H 2%, N 2%, T 2%, I 2%, L 1%, D <1%, G <1%"
270,E,GLU:269:A,0.426,4,"(-0.004, 0.738, 5, 4)",e,,177/443,"K 27%, Q 20%, S 12%, E 11%, N 6%, D 6%, P 6%, H 4%, L 3%, R 1%, A <1%, T <1%"
